区,標準地域コード,年齢,総数,男,女,日本人（男）,日本人（女）,外国人（男）,外国人（女）,日付
札幌市,1100,総数,1960829,915975,1044854,908739,1038080,7236,6774,4/1/2021
札幌市,1100, 0～ 4,65230,33506,31724,33291,31516,215,208,4/1/2021
札幌市,1100,0,11742,6035,5707,5989,5667,46,40,4/1/2021
札幌市,1100,1,12736,6547,6189,6507,6136,40,53,4/1/2021
札幌市,1100,2,13009,6626,6383,6584,6343,42,40,4/1/2021
札幌市,1100,3,13828,7106,6722,7062,6682,44,40,4/1/2021
札幌市,1100,4,13915,7192,6723,7149,6688,43,35,4/1/2021
札幌市,1100, 5～ 9,74106,37869,36237,37709,36106,160,131,4/1/2021
札幌市,1100,5,14677,7480,7197,7452,7172,28,25,4/1/2021
札幌市,1100,6,14807,7575,7232,7536,7202,39,30,4/1/2021
札幌市,1100,7,14799,7629,7170,7601,7147,28,23,4/1/2021
札幌市,1100,8,14842,7625,7217,7594,7195,31,22,4/1/2021
札幌市,1100,9,14981,7560,7421,7526,7390,34,31,4/1/2021
札幌市,1100,10～14,77556,39603,37953,39484,37848,119,105,4/1/2021
札幌市,1100,10,15506,7943,7563,7923,7541,20,22,4/1/2021
札幌市,1100,11,15364,7836,7528,7804,7505,32,23,4/1/2021
札幌市,1100,12,15611,7941,7670,7921,7647,20,23,4/1/2021
札幌市,1100,13,15620,7934,7686,7900,7666,34,20,4/1/2021
札幌市,1100,14,15455,7949,7506,7936,7489,13,17,4/1/2021
札幌市,1100,15～19,80871,40847,40024,40714,39887,133,137,4/1/2021
札幌市,1100,15,15174,7731,7443,7710,7430,21,13,4/1/2021
札幌市,1100,16,15394,7752,7642,7736,7620,16,22,4/1/2021
札幌市,1100,17,16030,8146,7884,8131,7871,15,13,4/1/2021
札幌市,1100,18,16664,8345,8319,8323,8301,22,18,4/1/2021
札幌市,1100,19,17609,8873,8736,8814,8665,59,71,4/1/2021
札幌市,1100,20～24,96402,47456,48946,46309,47882,1147,1064,4/1/2021
札幌市,1100,20,17840,8838,9002,8685,8852,153,150,4/1/2021
札幌市,1100,21,18648,9185,9463,9014,9312,171,151,4/1/2021
札幌市,1100,22,19669,9696,9973,9487,9786,209,187,4/1/2021
札幌市,1100,23,20054,9880,10174,9577,9921,303,253,4/1/2021
札幌市,1100,24,20191,9857,10334,9546,10011,311,323,4/1/2021
札幌市,1100,25～29,101554,48343,53211,46874,51920,1469,1291,4/1/2021
札幌市,1100,25,19839,9428,10411,9110,10125,318,286,4/1/2021
札幌市,1100,26,20721,9916,10805,9602,10520,314,285,4/1/2021
札幌市,1100,27,20071,9549,10522,9256,10281,293,241,4/1/2021
札幌市,1100,28,20233,9555,10678,9279,10426,276,252,4/1/2021
札幌市,1100,29,20690,9895,10795,9627,10568,268,227,4/1/2021
札幌市,1100,30～34,109145,52997,56148,51893,55214,1104,934,4/1/2021
札幌市,1100,30,20729,9897,10832,9661,10586,236,246,4/1/2021
札幌市,1100,31,20711,9962,10749,9717,10548,245,201,4/1/2021
札幌市,1100,32,21988,10696,11292,10465,11109,231,183,4/1/2021
札幌市,1100,33,22643,11082,11561,10872,11389,210,172,4/1/2021
札幌市,1100,34,23074,11360,11714,11178,11582,182,132,4/1/2021
札幌市,1100,35～39,123170,59762,63408,59062,62776,700,632,4/1/2021
札幌市,1100,35,23629,11479,12150,11315,12000,164,150,4/1/2021
札幌市,1100,36,24442,11997,12445,11855,12319,142,126,4/1/2021
札幌市,1100,37,25008,12130,12878,12009,12760,121,118,4/1/2021
札幌市,1100,38,25416,12218,13198,12088,13062,130,136,4/1/2021
札幌市,1100,39,24675,11938,12737,11795,12635,143,102,4/1/2021
札幌市,1100,40～44,137504,66682,70822,66126,70254,556,568,4/1/2021
札幌市,1100,40,25641,12437,13204,12321,13084,116,120,4/1/2021
札幌市,1100,41,27039,13046,13993,12915,13869,131,124,4/1/2021
札幌市,1100,42,27768,13507,14261,13386,14147,121,114,4/1/2021
札幌市,1100,43,28233,13701,14532,13607,14427,94,105,4/1/2021
札幌市,1100,44,28823,13991,14832,13897,14727,94,105,4/1/2021
札幌市,1100,45～49,158065,76271,81794,75881,81364,390,430,4/1/2021
札幌市,1100,45,30059,14487,15572,14393,15465,94,107,4/1/2021
札幌市,1100,46,31935,15550,16385,15481,16306,69,79,4/1/2021
札幌市,1100,47,32219,15447,16772,15378,16683,69,89,4/1/2021
札幌市,1100,48,32525,15575,16950,15484,16864,91,86,4/1/2021
札幌市,1100,49,31327,15212,16115,15145,16046,67,69,4/1/2021
札幌市,1100,50～54,142061,67658,74403,67373,74081,285,322,4/1/2021
札幌市,1100,50,30381,14608,15773,14543,15721,65,52,4/1/2021
札幌市,1100,51,29018,13857,15161,13796,15103,61,58,4/1/2021
札幌市,1100,52,29192,13867,15325,13816,15241,51,84,4/1/2021
札幌市,1100,53,28762,13702,15060,13646,14986,56,74,4/1/2021
札幌市,1100,54,24708,11624,13084,11572,13030,52,54,4/1/2021
札幌市,1100,55～59,129461,60605,68856,60310,68556,295,300,4/1/2021
札幌市,1100,55,26128,12151,13977,12090,13925,61,52,4/1/2021
札幌市,1100,56,26356,12312,14044,12257,13986,55,58,4/1/2021
札幌市,1100,57,26148,12302,13846,12236,13777,66,69,4/1/2021
札幌市,1100,58,25869,12103,13766,12050,13701,53,65,4/1/2021
札幌市,1100,59,24960,11737,13223,11677,13167,60,56,4/1/2021
札幌市,1100,60～64,121581,57568,64013,57340,63801,228,212,4/1/2021
札幌市,1100,60,24601,11693,12908,11650,12864,43,44,4/1/2021
札幌市,1100,61,24862,11908,12954,11853,12910,55,44,4/1/2021
札幌市,1100,62,24723,11543,13180,11503,13145,40,35,4/1/2021
札幌市,1100,63,23497,11117,12380,11072,12342,45,38,4/1/2021
札幌市,1100,64,23898,11307,12591,11262,12540,45,51,4/1/2021
札幌市,1100,65～69,132442,62234,70208,62074,70056,160,152,4/1/2021
札幌市,1100,65,24842,11815,13027,11777,12995,38,32,4/1/2021
札幌市,1100,66,25560,12096,13464,12052,13436,44,28,4/1/2021
札幌市,1100,67,26130,12242,13888,12218,13856,24,32,4/1/2021
札幌市,1100,68,27539,12832,14707,12799,14680,33,27,4/1/2021
札幌市,1100,69,28371,13249,15122,13228,15089,21,33,4/1/2021
札幌市,1100,70～74,146808,66253,80555,66130,80435,123,120,4/1/2021
札幌市,1100,70,30180,13756,16424,13734,16402,22,22,4/1/2021
札幌市,1100,71,32502,14702,17800,14673,17771,29,29,4/1/2021
札幌市,1100,72,31127,13936,17191,13910,17165,26,26,4/1/2021
札幌市,1100,73,28791,12998,15793,12974,15768,24,25,4/1/2021
札幌市,1100,74,24208,10861,13347,10839,13329,22,18,4/1/2021
札幌市,1100,75～79,98435,41638,56797,41559,56734,79,63,4/1/2021
札幌市,1100,75,18211,7801,10410,7785,10399,16,11,4/1/2021
札幌市,1100,76,19366,8356,11010,8339,10995,17,15,4/1/2021
札幌市,1100,77,21689,9335,12354,9320,12337,15,17,4/1/2021
札幌市,1100,78,19320,7935,11385,7918,11376,17,9,4/1/2021
札幌市,1100,79,19849,8211,11638,8197,11627,14,11,4/1/2021
札幌市,1100,80～84,75428,29217,46211,29182,46165,35,46,4/1/2021
札幌市,1100,80,18038,7301,10737,7295,10722,6,15,4/1/2021
札幌市,1100,81,15272,6095,9177,6086,9168,9,9,4/1/2021
札幌市,1100,82,14151,5367,8784,5361,8779,6,5,4/1/2021
札幌市,1100,83,14750,5552,9198,5544,9191,8,7,4/1/2021
札幌市,1100,84,13217,4902,8315,4896,8305,6,10,4/1/2021
札幌市,1100,85～89,54203,18294,35909,18267,35877,27,32,4/1/2021
札幌市,1100,85,13190,4719,8471,4711,8463,8,8,4/1/2021
札幌市,1100,86,12020,4204,7816,4197,7806,7,10,4/1/2021
札幌市,1100,87,10426,3512,6914,3510,6909,2,5,4/1/2021
札幌市,1100,88,10251,3298,6953,3292,6951,6,2,4/1/2021
札幌市,1100,89,8316,2561,5755,2557,5748,4,7,4/1/2021
札幌市,1100,90～94,27574,7446,20128,7435,20109,11,19,4/1/2021
札幌市,1100,90,7985,2339,5646,2337,5638,2,8,4/1/2021
札幌市,1100,91,6250,1762,4488,1761,4487,1,1,4/1/2021
札幌市,1100,92,5475,1389,4086,1386,4081,3,5,4/1/2021
札幌市,1100,93,4461,1128,3333,1127,3330,1,3,4/1/2021
札幌市,1100,94,3403,828,2575,824,2573,4,2,4/1/2021
札幌市,1100,95～99,7983,1552,6431,1552,6424,0,7,4/1/2021
札幌市,1100,95,2733,594,2139,594,2135,0,4,4/1/2021
札幌市,1100,96,2005,413,1592,413,1591,0,1,4/1/2021
札幌市,1100,97,1472,264,1208,264,1207,0,1,4/1/2021
札幌市,1100,98,1057,184,873,184,873,0,0,4/1/2021
札幌市,1100,99,716,97,619,97,618,0,1,4/1/2021
札幌市,1100,100歳以上,1250,174,1076,174,1075,0,1,4/1/2021
札幌市,1100, 0～14歳,216892,110978,105914,110484,105470,494,444,4/1/2021
札幌市,1100,15～64歳,1199814,578189,621625,571882,615735,6307,5890,4/1/2021
札幌市,1100,65歳以上,544123,226808,317315,226373,316875,435,440,4/1/2021
札幌市,1100,平均年齢,47.78608614,45.9861006,49.36404991,46.07243939,49.45154805,35.14317302,35.95541777,4/1/2021
中央区,1101,総数,240183,108794,131389,107396,130124,1398,1265,4/1/2021
中央区,1101, 0～ 4,7550,3889,3661,3858,3614,31,47,4/1/2021
中央区,1101,0,1424,721,703,716,694,5,9,4/1/2021
中央区,1101,1,1483,736,747,733,739,3,8,4/1/2021
中央区,1101,2,1538,839,699,830,688,9,11,4/1/2021
中央区,1101,3,1558,786,772,781,762,5,10,4/1/2021
中央区,1101,4,1547,807,740,798,731,9,9,4/1/2021
中央区,1101, 5～ 9,8192,4168,4024,4140,3999,28,25,4/1/2021
中央区,1101,5,1615,837,778,832,774,5,4,4/1/2021
中央区,1101,6,1674,819,855,811,849,8,6,4/1/2021
中央区,1101,7,1645,808,837,803,834,5,3,4/1/2021
中央区,1101,8,1660,874,786,867,780,7,6,4/1/2021
中央区,1101,9,1598,830,768,827,762,3,6,4/1/2021
中央区,1101,10～14,8300,4222,4078,4190,4056,32,22,4/1/2021
中央区,1101,10,1702,873,829,865,822,8,7,4/1/2021
中央区,1101,11,1594,825,769,816,763,9,6,4/1/2021
中央区,1101,12,1705,863,842,859,840,4,2,4/1/2021
中央区,1101,13,1661,864,797,857,792,7,5,4/1/2021
中央区,1101,14,1638,797,841,793,839,4,2,4/1/2021
中央区,1101,15～19,8615,4219,4396,4191,4367,28,29,4/1/2021
中央区,1101,15,1560,768,792,764,786,4,6,4/1/2021
中央区,1101,16,1667,834,833,831,826,3,7,4/1/2021
中央区,1101,17,1646,856,790,852,789,4,1,4/1/2021
中央区,1101,18,1724,808,916,801,909,7,7,4/1/2021
中央区,1101,19,2018,953,1065,943,1057,10,8,4/1/2021
中央区,1101,20～24,13124,6016,7108,5870,6964,146,144,4/1/2021
中央区,1101,20,2200,1013,1187,995,1163,18,24,4/1/2021
中央区,1101,21,2413,1065,1348,1044,1326,21,22,4/1/2021
中央区,1101,22,2672,1192,1480,1162,1455,30,25,4/1/2021
中央区,1101,23,2866,1347,1519,1312,1484,35,35,4/1/2021
中央区,1101,24,2973,1399,1574,1357,1536,42,38,4/1/2021
中央区,1101,25～29,15581,7262,8319,7027,8129,235,190,4/1/2021
中央区,1101,25,3078,1390,1688,1344,1644,46,44,4/1/2021
中央区,1101,26,3175,1537,1638,1492,1605,45,33,4/1/2021
中央区,1101,27,3119,1451,1668,1399,1634,52,34,4/1/2021
中央区,1101,28,3061,1419,1642,1375,1606,44,36,4/1/2021
中央区,1101,29,3148,1465,1683,1417,1640,48,43,4/1/2021
中央区,1101,30～34,15644,7383,8261,7182,8088,201,173,4/1/2021
中央区,1101,30,3112,1440,1672,1403,1629,37,43,4/1/2021
中央区,1101,31,2966,1380,1586,1339,1555,41,31,4/1/2021
中央区,1101,32,3107,1450,1657,1404,1623,46,34,4/1/2021
中央区,1101,33,3255,1567,1688,1523,1653,44,35,4/1/2021
中央区,1101,34,3204,1546,1658,1513,1628,33,30,4/1/2021
中央区,1101,35～39,16615,7893,8722,7769,8575,124,147,4/1/2021
中央区,1101,35,3277,1579,1698,1550,1659,29,39,4/1/2021
中央区,1101,36,3338,1581,1757,1557,1733,24,24,4/1/2021
中央区,1101,37,3398,1672,1726,1655,1701,17,25,4/1/2021
中央区,1101,38,3335,1541,1794,1521,1765,20,29,4/1/2021
中央区,1101,39,3267,1520,1747,1486,1717,34,30,4/1/2021
中央区,1101,40～44,18008,8496,9512,8356,9395,140,117,4/1/2021
中央区,1101,40,3504,1666,1838,1635,1810,31,28,4/1/2021
中央区,1101,41,3467,1653,1814,1623,1787,30,27,4/1/2021
中央区,1101,42,3644,1711,1933,1685,1912,26,21,4/1/2021
中央区,1101,43,3701,1735,1966,1701,1949,34,17,4/1/2021
中央区,1101,44,3692,1731,1961,1712,1937,19,24,4/1/2021
中央区,1101,45～49,20613,9437,11176,9338,11073,99,103,4/1/2021
中央区,1101,45,3833,1732,2101,1710,2080,22,21,4/1/2021
中央区,1101,46,4021,1854,2167,1842,2151,12,16,4/1/2021
中央区,1101,47,4282,1956,2326,1934,2309,22,17,4/1/2021
中央区,1101,48,4291,1998,2293,1973,2261,25,32,4/1/2021
中央区,1101,49,4186,1897,2289,1879,2272,18,17,4/1/2021
中央区,1101,50～54,19037,8622,10415,8532,10340,90,75,4/1/2021
中央区,1101,50,4059,1847,2212,1825,2201,22,11,4/1/2021
中央区,1101,51,3873,1747,2126,1733,2110,14,16,4/1/2021
中央区,1101,52,3906,1733,2173,1714,2145,19,28,4/1/2021
中央区,1101,53,3837,1773,2064,1755,2050,18,14,4/1/2021
中央区,1101,54,3362,1522,1840,1505,1834,17,6,4/1/2021
中央区,1101,55～59,16955,7725,9230,7634,9168,91,62,4/1/2021
中央区,1101,55,3554,1584,1970,1565,1959,19,11,4/1/2021
中央区,1101,56,3500,1592,1908,1575,1894,17,14,4/1/2021
中央区,1101,57,3410,1566,1844,1548,1829,18,15,4/1/2021
中央区,1101,58,3319,1493,1826,1477,1814,16,12,4/1/2021
中央区,1101,59,3172,1490,1682,1469,1672,21,10,4/1/2021
中央区,1101,60～64,14525,6794,7731,6740,7683,54,48,4/1/2021
中央区,1101,60,3083,1413,1670,1402,1662,11,8,4/1/2021
中央区,1101,61,3018,1448,1570,1432,1557,16,13,4/1/2021
中央区,1101,62,3018,1425,1593,1420,1582,5,11,4/1/2021
中央区,1101,63,2663,1262,1401,1250,1393,12,8,4/1/2021
中央区,1101,64,2743,1246,1497,1236,1489,10,8,4/1/2021
中央区,1101,65～69,14078,6475,7603,6437,7571,38,32,4/1/2021
中央区,1101,65,2773,1314,1459,1303,1453,11,6,4/1/2021
中央区,1101,66,2796,1295,1501,1284,1493,11,8,4/1/2021
中央区,1101,67,2779,1283,1496,1278,1488,5,8,4/1/2021
中央区,1101,68,2878,1296,1582,1288,1578,8,4,4/1/2021
中央区,1101,69,2852,1287,1565,1284,1559,3,6,4/1/2021
中央区,1101,70～74,15129,6623,8506,6595,8484,28,22,4/1/2021
中央区,1101,70,3071,1394,1677,1390,1674,4,3,4/1/2021
中央区,1101,71,3327,1450,1877,1444,1873,6,4,4/1/2021
中央区,1101,72,3151,1368,1783,1361,1777,7,6,4/1/2021
中央区,1101,73,3032,1296,1736,1290,1730,6,6,4/1/2021
中央区,1101,74,2548,1115,1433,1110,1430,5,3,4/1/2021
中央区,1101,75～79,9859,3885,5974,3866,5962,19,12,4/1/2021
中央区,1101,75,1840,749,1091,745,1089,4,2,4/1/2021
中央区,1101,76,1865,765,1100,760,1096,5,4,4/1/2021
中央区,1101,77,2193,837,1356,832,1353,5,3,4/1/2021
中央区,1101,78,1929,759,1170,754,1170,5,0,4/1/2021
中央区,1101,79,2032,775,1257,775,1254,0,3,4/1/2021
中央区,1101,80～84,7807,2680,5127,2671,5124,9,3,4/1/2021
中央区,1101,80,1817,644,1173,643,1173,1,0,4/1/2021
中央区,1101,81,1483,527,956,524,955,3,1,4/1/2021
中央区,1101,82,1494,492,1002,491,1002,1,0,4/1/2021
中央区,1101,83,1537,535,1002,534,1002,1,0,4/1/2021
中央区,1101,84,1476,482,994,479,992,3,2,4/1/2021
中央区,1101,85～89,6213,1940,4273,1937,4265,3,8,4/1/2021
中央区,1101,85,1434,478,956,478,954,0,2,4/1/2021
中央区,1101,86,1354,438,916,438,913,0,3,4/1/2021
中央区,1101,87,1234,385,849,384,848,1,1,4/1/2021
中央区,1101,88,1242,381,861,381,860,0,1,4/1/2021
中央区,1101,89,949,258,691,256,690,2,1,4/1/2021
中央区,1101,90～94,3281,872,2409,870,2405,2,4,4/1/2021
中央区,1101,90,956,274,682,274,681,0,1,4/1/2021
中央区,1101,91,753,222,531,221,531,1,0,4/1/2021
中央区,1101,92,681,163,518,163,515,0,3,4/1/2021
中央区,1101,93,532,123,409,123,409,0,0,4/1/2021
中央区,1101,94,359,90,269,89,269,1,0,4/1/2021
中央区,1101,95～99,927,178,749,178,748,0,1,4/1/2021
中央区,1101,95,313,54,259,54,258,0,1,4/1/2021
中央区,1101,96,232,55,177,55,177,0,0,4/1/2021
中央区,1101,97,173,36,137,36,137,0,0,4/1/2021
中央区,1101,98,128,22,106,22,106,0,0,4/1/2021
中央区,1101,99,81,11,70,11,70,0,0,4/1/2021
中央区,1101,100歳以上,130,15,115,15,114,0,1,4/1/2021
中央区,1101, 0～14歳,24042,12279,11763,12188,11669,91,94,4/1/2021
中央区,1101,15～64歳,158717,73847,84870,72639,83782,1208,1088,4/1/2021
中央区,1101,65歳以上,57424,22668,34756,22569,34673,99,83,4/1/2021
中央区,1101,平均年齢,46.71533581,44.82840046,48.2777744,44.91485716,48.38420276,38.18669528,37.33003953,4/1/2021
北区,1102,総数,285527,135601,149926,134091,148496,1510,1430,4/1/2021
北区,1102, 0～ 4,9879,5069,4810,5022,4765,47,45,4/1/2021
北区,1102,0,1706,852,854,842,844,10,10,4/1/2021
北区,1102,1,1921,1004,917,993,905,11,12,4/1/2021
北区,1102,2,1964,970,994,959,987,11,7,4/1/2021
北区,1102,3,2163,1137,1026,1127,1020,10,6,4/1/2021
北区,1102,4,2125,1106,1019,1101,1009,5,10,4/1/2021
北区,1102, 5～ 9,11742,6003,5739,5974,5718,29,21,4/1/2021
北区,1102,5,2357,1181,1176,1175,1175,6,1,4/1/2021
北区,1102,6,2359,1201,1158,1190,1153,11,5,4/1/2021
北区,1102,7,2369,1253,1116,1250,1109,3,7,4/1/2021
北区,1102,8,2301,1168,1133,1161,1130,7,3,4/1/2021
北区,1102,9,2356,1200,1156,1198,1151,2,5,4/1/2021
北区,1102,10～14,12297,6259,6038,6246,6028,13,10,4/1/2021
北区,1102,10,2457,1262,1195,1261,1194,1,1,4/1/2021
北区,1102,11,2400,1243,1157,1239,1156,4,1,4/1/2021
北区,1102,12,2563,1320,1243,1317,1241,3,2,4/1/2021
北区,1102,13,2442,1191,1251,1189,1249,2,2,4/1/2021
北区,1102,14,2435,1243,1192,1240,1188,3,4,4/1/2021
北区,1102,15～19,12768,6514,6254,6494,6240,20,14,4/1/2021
北区,1102,15,2389,1190,1199,1189,1199,1,0,4/1/2021
北区,1102,16,2455,1253,1202,1251,1200,2,2,4/1/2021
北区,1102,17,2501,1292,1209,1290,1209,2,0,4/1/2021
北区,1102,18,2540,1277,1263,1272,1261,5,2,4/1/2021
北区,1102,19,2883,1502,1381,1492,1371,10,10,4/1/2021
北区,1102,20～24,15794,8307,7487,7995,7157,312,330,4/1/2021
北区,1102,20,3044,1597,1447,1575,1423,22,24,4/1/2021
北区,1102,21,3139,1672,1467,1633,1444,39,23,4/1/2021
北区,1102,22,3300,1747,1553,1694,1515,53,38,4/1/2021
北区,1102,23,3162,1671,1491,1579,1405,92,86,4/1/2021
北区,1102,24,3149,1620,1529,1514,1370,106,159,4/1/2021
北区,1102,25～29,13964,6679,7285,6239,6833,440,452,4/1/2021
北区,1102,25,2800,1409,1391,1294,1284,115,107,4/1/2021
北区,1102,26,2860,1366,1494,1272,1383,94,111,4/1/2021
北区,1102,27,2675,1281,1394,1199,1310,82,84,4/1/2021
北区,1102,28,2762,1276,1486,1196,1407,80,79,4/1/2021
北区,1102,29,2867,1347,1520,1278,1449,69,71,4/1/2021
北区,1102,30～34,15186,7372,7814,7117,7599,255,215,4/1/2021
北区,1102,30,2756,1319,1437,1261,1368,58,69,4/1/2021
北区,1102,31,2902,1388,1514,1323,1476,65,38,4/1/2021
北区,1102,32,3007,1494,1513,1435,1469,59,44,4/1/2021
北区,1102,33,3193,1547,1646,1511,1606,36,40,4/1/2021
北区,1102,34,3328,1624,1704,1587,1680,37,24,4/1/2021
北区,1102,35～39,17623,8689,8934,8560,8841,129,93,4/1/2021
北区,1102,35,3333,1642,1691,1609,1673,33,18,4/1/2021
北区,1102,36,3473,1718,1755,1692,1728,26,27,4/1/2021
北区,1102,37,3594,1778,1816,1753,1803,25,13,4/1/2021
北区,1102,38,3718,1815,1903,1792,1880,23,23,4/1/2021
北区,1102,39,3505,1736,1769,1714,1757,22,12,4/1/2021
北区,1102,40～44,20011,9761,10250,9668,10173,93,77,4/1/2021
北区,1102,40,3694,1791,1903,1767,1890,24,13,4/1/2021
北区,1102,41,3872,1916,1956,1892,1932,24,24,4/1/2021
北区,1102,42,4029,1975,2054,1956,2039,19,15,4/1/2021
北区,1102,43,4118,1975,2143,1964,2130,11,13,4/1/2021
北区,1102,44,4298,2104,2194,2089,2182,15,12,4/1/2021
北区,1102,45～49,23048,11368,11680,11318,11627,50,53,4/1/2021
北区,1102,45,4335,2112,2223,2098,2217,14,6,4/1/2021
北区,1102,46,4744,2380,2364,2369,2348,11,16,4/1/2021
北区,1102,47,4669,2269,2400,2264,2386,5,14,4/1/2021
北区,1102,48,4697,2307,2390,2291,2379,16,11,4/1/2021
北区,1102,49,4603,2300,2303,2296,2297,4,6,4/1/2021
北区,1102,50～54,20310,9802,10508,9769,10474,33,34,4/1/2021
北区,1102,50,4373,2117,2256,2112,2249,5,7,4/1/2021
北区,1102,51,4189,2048,2141,2039,2133,9,8,4/1/2021
北区,1102,52,4172,2015,2157,2007,2151,8,6,4/1/2021
北区,1102,53,4076,1978,2098,1972,2090,6,8,4/1/2021
北区,1102,54,3500,1644,1856,1639,1851,5,5,4/1/2021
北区,1102,55～59,17932,8668,9264,8638,9236,30,28,4/1/2021
北区,1102,55,3498,1689,1809,1684,1805,5,4,4/1/2021
北区,1102,56,3724,1788,1936,1782,1934,6,2,4/1/2021
北区,1102,57,3584,1764,1820,1758,1810,6,10,4/1/2021
北区,1102,58,3734,1797,1937,1791,1928,6,9,4/1/2021
北区,1102,59,3392,1630,1762,1623,1759,7,3,4/1/2021
北区,1102,60～64,16901,8110,8791,8089,8776,21,15,4/1/2021
北区,1102,60,3466,1674,1792,1670,1789,4,3,4/1/2021
北区,1102,61,3327,1634,1693,1631,1690,3,3,4/1/2021
北区,1102,62,3480,1632,1848,1627,1847,5,1,4/1/2021
北区,1102,63,3322,1600,1722,1599,1720,1,2,4/1/2021
北区,1102,64,3306,1570,1736,1562,1730,8,6,4/1/2021
北区,1102,65～69,19204,9168,10036,9150,10024,18,12,4/1/2021
北区,1102,65,3535,1735,1800,1733,1800,2,0,4/1/2021
北区,1102,66,3688,1747,1941,1741,1939,6,2,4/1/2021
北区,1102,67,3839,1806,2033,1803,2027,3,6,4/1/2021
北区,1102,68,4093,1982,2111,1979,2110,3,1,4/1/2021
北区,1102,69,4049,1898,2151,1894,2148,4,3,4/1/2021
北区,1102,70～74,21223,9590,11633,9578,11618,12,15,4/1/2021
北区,1102,70,4391,2027,2364,2024,2362,3,2,4/1/2021
北区,1102,71,4787,2178,2609,2176,2605,2,4,4/1/2021
北区,1102,72,4489,2016,2473,2013,2471,3,2,4/1/2021
北区,1102,73,4113,1854,2259,1851,2257,3,2,4/1/2021
北区,1102,74,3443,1515,1928,1514,1923,1,5,4/1/2021
北区,1102,75～79,14165,6011,8154,6004,8146,7,8,4/1/2021
北区,1102,75,2628,1092,1536,1091,1534,1,2,4/1/2021
北区,1102,76,2777,1240,1537,1238,1535,2,2,4/1/2021
北区,1102,77,3163,1384,1779,1383,1778,1,1,4/1/2021
北区,1102,78,2736,1119,1617,1117,1615,2,2,4/1/2021
北区,1102,79,2861,1176,1685,1175,1684,1,1,4/1/2021
北区,1102,80～84,10873,4373,6500,4373,6496,0,4,4/1/2021
北区,1102,80,2638,1100,1538,1100,1538,0,0,4/1/2021
北区,1102,81,2227,934,1293,934,1293,0,0,4/1/2021
北区,1102,82,2063,792,1271,792,1270,0,1,4/1/2021
北区,1102,83,2132,840,1292,840,1291,0,1,4/1/2021
北区,1102,84,1813,707,1106,707,1104,0,2,4/1/2021
北区,1102,85～89,7508,2616,4892,2616,4891,0,1,4/1/2021
北区,1102,85,1913,684,1229,684,1229,0,0,4/1/2021
北区,1102,86,1631,595,1036,595,1035,0,1,4/1/2021
北区,1102,87,1405,481,924,481,924,0,0,4/1/2021
北区,1102,88,1388,493,895,493,895,0,0,4/1/2021
北区,1102,89,1171,363,808,363,808,0,0,4/1/2021
北区,1102,90～94,3868,1017,2851,1016,2849,1,2,4/1/2021
北区,1102,90,1142,327,815,327,814,0,1,4/1/2021
北区,1102,91,855,234,621,234,621,0,0,4/1/2021
北区,1102,92,787,196,591,196,591,0,0,4/1/2021
北区,1102,93,599,147,452,147,452,0,0,4/1/2021
北区,1102,94,485,113,372,112,371,1,1,4/1/2021
北区,1102,95～99,1053,206,847,206,846,0,1,4/1/2021
北区,1102,95,364,78,286,78,285,0,1,4/1/2021
北区,1102,96,277,58,219,58,219,0,0,4/1/2021
北区,1102,97,179,29,150,29,150,0,0,4/1/2021
北区,1102,98,134,27,107,27,107,0,0,4/1/2021
北区,1102,99,99,14,85,14,85,0,0,4/1/2021
北区,1102,100歳以上,178,19,159,19,159,0,0,4/1/2021
北区,1102, 0～14歳,33918,17331,16587,17242,16511,89,76,4/1/2021
北区,1102,15～64歳,173537,85270,88267,83887,86956,1383,1311,4/1/2021
北区,1102,65歳以上,78072,33000,45072,32962,45029,38,43,4/1/2021
北区,1102,平均年齢,47.08995121,45.31718424,48.69333538,45.47781357,48.86285152,31.05298013,31.09020979,4/1/2021
東区,1103,総数,262195,124444,137751,123376,136949,1068,802,4/1/2021
東区,1103, 0～ 4,9515,4898,4617,4853,4574,45,43,4/1/2021
東区,1103,0,1746,894,852,883,845,11,7,4/1/2021
東区,1103,1,1840,905,935,898,924,7,11,4/1/2021
東区,1103,2,1903,965,938,958,929,7,9,4/1/2021
東区,1103,3,1963,1031,932,1022,923,9,9,4/1/2021
東区,1103,4,2063,1103,960,1092,953,11,7,4/1/2021
東区,1103, 5～ 9,10121,5123,4998,5091,4968,32,30,4/1/2021
東区,1103,5,2057,1035,1022,1031,1013,4,9,4/1/2021
東区,1103,6,2052,1062,990,1056,983,6,7,4/1/2021
東区,1103,7,1997,1030,967,1024,961,6,6,4/1/2021
東区,1103,8,1976,992,984,986,979,6,5,4/1/2021
東区,1103,9,2039,1004,1035,994,1032,10,3,4/1/2021
東区,1103,10～14,10591,5344,5247,5326,5234,18,13,4/1/2021
東区,1103,10,2123,1064,1059,1059,1054,5,5,4/1/2021
東区,1103,11,2120,1047,1073,1044,1071,3,2,4/1/2021
東区,1103,12,2146,1095,1051,1092,1049,3,2,4/1/2021
東区,1103,13,2140,1064,1076,1057,1073,7,3,4/1/2021
東区,1103,14,2062,1074,988,1074,987,0,1,4/1/2021
東区,1103,15～19,10990,5560,5430,5541,5414,19,16,4/1/2021
東区,1103,15,2001,1019,982,1019,982,0,0,4/1/2021
東区,1103,16,2058,1031,1027,1028,1024,3,3,4/1/2021
東区,1103,17,2177,1093,1084,1091,1080,2,4,4/1/2021
東区,1103,18,2313,1177,1136,1176,1135,1,1,4/1/2021
東区,1103,19,2441,1240,1201,1227,1193,13,8,4/1/2021
東区,1103,20～24,13236,6602,6634,6387,6530,215,104,4/1/2021
東区,1103,20,2389,1168,1221,1138,1210,30,11,4/1/2021
東区,1103,21,2492,1231,1261,1200,1245,31,16,4/1/2021
東区,1103,22,2706,1386,1320,1354,1306,32,14,4/1/2021
東区,1103,23,2901,1464,1437,1409,1410,55,27,4/1/2021
東区,1103,24,2748,1353,1395,1286,1359,67,36,4/1/2021
東区,1103,25～29,14540,7071,7469,6833,7329,238,140,4/1/2021
東区,1103,25,2850,1407,1443,1358,1414,49,29,4/1/2021
東区,1103,26,2946,1443,1503,1394,1468,49,35,4/1/2021
東区,1103,27,2899,1402,1497,1356,1476,46,21,4/1/2021
東区,1103,28,2917,1413,1504,1362,1474,51,30,4/1/2021
東区,1103,29,2928,1406,1522,1363,1497,43,25,4/1/2021
東区,1103,30～34,15378,7610,7768,7457,7664,153,104,4/1/2021
東区,1103,30,2935,1421,1514,1388,1492,33,22,4/1/2021
東区,1103,31,2951,1450,1501,1418,1473,32,28,4/1/2021
東区,1103,32,3092,1529,1563,1496,1543,33,20,4/1/2021
東区,1103,33,3146,1583,1563,1554,1542,29,21,4/1/2021
東区,1103,34,3254,1627,1627,1601,1614,26,13,4/1/2021
東区,1103,35～39,17271,8565,8706,8445,8636,120,70,4/1/2021
東区,1103,35,3412,1675,1737,1648,1720,27,17,4/1/2021
東区,1103,36,3398,1693,1705,1668,1693,25,12,4/1/2021
東区,1103,37,3404,1735,1669,1711,1654,24,15,4/1/2021
東区,1103,38,3597,1778,1819,1754,1804,24,15,4/1/2021
東区,1103,39,3460,1684,1776,1664,1765,20,11,4/1/2021
東区,1103,40～44,18945,9358,9587,9292,9530,66,57,4/1/2021
東区,1103,40,3536,1723,1813,1710,1799,13,14,4/1/2021
東区,1103,41,3799,1831,1968,1816,1953,15,15,4/1/2021
東区,1103,42,3855,1902,1953,1882,1945,20,8,4/1/2021
東区,1103,43,3811,1932,1879,1925,1867,7,12,4/1/2021
東区,1103,44,3944,1970,1974,1959,1966,11,8,4/1/2021
東区,1103,45～49,21857,10805,11052,10771,11002,34,50,4/1/2021
東区,1103,45,4159,2085,2074,2075,2065,10,9,4/1/2021
東区,1103,46,4492,2193,2299,2188,2291,5,8,4/1/2021
東区,1103,47,4439,2201,2238,2192,2223,9,15,4/1/2021
東区,1103,48,4438,2184,2254,2177,2245,7,9,4/1/2021
東区,1103,49,4329,2142,2187,2139,2178,3,9,4/1/2021
東区,1103,50～54,19119,9409,9710,9379,9675,30,35,4/1/2021
東区,1103,50,4229,2155,2074,2145,2066,10,8,4/1/2021
東区,1103,51,3987,1958,2029,1949,2026,9,3,4/1/2021
東区,1103,52,3871,1886,1985,1882,1972,4,13,4/1/2021
東区,1103,53,3775,1883,1892,1880,1888,3,4,4/1/2021
東区,1103,54,3257,1527,1730,1523,1723,4,7,4/1/2021
東区,1103,55～59,16301,7912,8389,7883,8336,29,53,4/1/2021
東区,1103,55,3298,1617,1681,1610,1673,7,8,4/1/2021
東区,1103,56,3336,1569,1767,1564,1757,5,10,4/1/2021
東区,1103,57,3269,1554,1715,1545,1704,9,11,4/1/2021
東区,1103,58,3273,1642,1631,1637,1616,5,15,4/1/2021
東区,1103,59,3125,1530,1595,1527,1586,3,9,4/1/2021
東区,1103,60～64,15139,7346,7793,7323,7768,23,25,4/1/2021
東区,1103,60,3017,1484,1533,1478,1524,6,9,4/1/2021
東区,1103,61,3149,1522,1627,1519,1626,3,1,4/1/2021
東区,1103,62,3093,1460,1633,1454,1629,6,4,4/1/2021
東区,1103,63,2905,1413,1492,1408,1487,5,5,4/1/2021
東区,1103,64,2975,1467,1508,1464,1502,3,6,4/1/2021
東区,1103,65～69,16850,8044,8806,8027,8784,17,22,4/1/2021
東区,1103,65,3101,1491,1610,1486,1605,5,5,4/1/2021
東区,1103,66,3217,1531,1686,1528,1686,3,0,4/1/2021
東区,1103,67,3373,1604,1769,1600,1765,4,4,4/1/2021
東区,1103,68,3508,1682,1826,1678,1818,4,8,4/1/2021
東区,1103,69,3651,1736,1915,1735,1910,1,5,4/1/2021
東区,1103,70～74,18903,8493,10410,8484,10395,9,15,4/1/2021
東区,1103,70,3872,1732,2140,1731,2139,1,1,4/1/2021
東区,1103,71,4248,1937,2311,1935,2305,2,6,4/1/2021
東区,1103,72,4055,1780,2275,1778,2273,2,2,4/1/2021
東区,1103,73,3690,1643,2047,1641,2044,2,3,4/1/2021
東区,1103,74,3038,1401,1637,1399,1634,2,3,4/1/2021
東区,1103,75～79,12621,5299,7322,5286,7312,13,10,4/1/2021
東区,1103,75,2366,1028,1338,1026,1337,2,1,4/1/2021
東区,1103,76,2418,1041,1377,1039,1374,2,3,4/1/2021
東区,1103,77,2787,1183,1604,1180,1601,3,3,4/1/2021
東区,1103,78,2488,995,1493,995,1491,0,2,4/1/2021
東区,1103,79,2562,1052,1510,1046,1509,6,1,4/1/2021
東区,1103,80～84,9674,3672,6002,3669,5996,3,6,4/1/2021
東区,1103,80,2396,981,1415,981,1413,0,2,4/1/2021
東区,1103,81,1989,750,1239,749,1236,1,3,4/1/2021
東区,1103,82,1805,664,1141,664,1141,0,0,4/1/2021
東区,1103,83,1822,666,1156,664,1155,2,1,4/1/2021
東区,1103,84,1662,611,1051,611,1051,0,0,4/1/2021
東区,1103,85～89,6663,2236,4427,2234,4422,2,5,4/1/2021
東区,1103,85,1626,603,1023,603,1022,0,1,4/1/2021
東区,1103,86,1527,515,1012,515,1011,0,1,4/1/2021
東区,1103,87,1247,407,840,407,839,0,1,4/1/2021
東区,1103,88,1241,396,845,395,845,1,0,4/1/2021
東区,1103,89,1022,315,707,314,705,1,2,4/1/2021
東区,1103,90～94,3344,882,2462,880,2459,2,3,4/1/2021
東区,1103,90,977,289,688,289,688,0,0,4/1/2021
東区,1103,91,746,199,547,199,546,0,1,4/1/2021
東区,1103,92,623,138,485,138,483,0,2,4/1/2021
東区,1103,93,538,144,394,143,394,1,0,4/1/2021
東区,1103,94,460,112,348,111,348,1,0,4/1/2021
東区,1103,95～99,981,197,784,197,783,0,1,4/1/2021
東区,1103,95,343,75,268,75,267,0,1,4/1/2021
東区,1103,96,257,44,213,44,213,0,0,4/1/2021
東区,1103,97,180,34,146,34,146,0,0,4/1/2021
東区,1103,98,128,30,98,30,98,0,0,4/1/2021
東区,1103,99,73,14,59,14,59,0,0,4/1/2021
東区,1103,100歳以上,156,18,138,18,138,0,0,4/1/2021
東区,1103, 0～14歳,30227,15365,14862,15270,14776,95,86,4/1/2021
東区,1103,15～64歳,162776,80238,82538,79311,81884,927,654,4/1/2021
東区,1103,65歳以上,69192,28841,40351,28795,40289,46,62,4/1/2021
東区,1103,平均年齢,46.85423254,45.11962811,48.42127099,45.23201433,48.49406348,32.13670412,35.99127182,4/1/2021
白石区,1104,総数,213999,101703,112296,101006,111714,697,582,4/1/2021
白石区,1104, 0～ 4,7453,3831,3622,3812,3612,19,10,4/1/2021
白石区,1104,0,1438,749,689,744,685,5,4,4/1/2021
白石区,1104,1,1513,793,720,791,717,2,3,4/1/2021
白石区,1104,2,1551,792,759,788,757,4,2,4/1/2021
白石区,1104,3,1420,719,701,715,701,4,0,4/1/2021
白石区,1104,4,1531,778,753,774,752,4,1,4/1/2021
白石区,1104, 5～ 9,7562,3923,3639,3913,3634,10,5,4/1/2021
白石区,1104,5,1523,775,748,774,748,1,0,4/1/2021
白石区,1104,6,1541,794,747,790,746,4,1,4/1/2021
白石区,1104,7,1451,749,702,748,702,1,0,4/1/2021
白石区,1104,8,1553,804,749,803,749,1,0,4/1/2021
白石区,1104,9,1494,801,693,798,689,3,4,4/1/2021
白石区,1104,10～14,7491,3861,3630,3859,3625,2,5,4/1/2021
白石区,1104,10,1526,773,753,773,753,0,0,4/1/2021
白石区,1104,11,1469,757,712,755,711,2,1,4/1/2021
白石区,1104,12,1508,773,735,773,732,0,3,4/1/2021
白石区,1104,13,1533,789,744,789,744,0,0,4/1/2021
白石区,1104,14,1455,769,686,769,685,0,1,4/1/2021
白石区,1104,15～19,8202,4084,4118,4071,4103,13,15,4/1/2021
白石区,1104,15,1539,736,803,732,803,4,0,4/1/2021
白石区,1104,16,1578,787,791,786,791,1,0,4/1/2021
白石区,1104,17,1589,802,787,801,787,1,0,4/1/2021
白石区,1104,18,1691,847,844,847,844,0,0,4/1/2021
白石区,1104,19,1805,912,893,905,878,7,15,4/1/2021
白石区,1104,20～24,10786,5240,5546,5137,5480,103,66,4/1/2021
白石区,1104,20,1718,837,881,820,864,17,17,4/1/2021
白石区,1104,21,1991,930,1061,918,1048,12,13,4/1/2021
白石区,1104,22,2132,1021,1111,1000,1095,21,16,4/1/2021
白石区,1104,23,2419,1188,1231,1158,1217,30,14,4/1/2021
白石区,1104,24,2526,1264,1262,1241,1256,23,6,4/1/2021
白石区,1104,25～29,13565,6694,6871,6534,6774,160,97,4/1/2021
白石区,1104,25,2555,1227,1328,1193,1312,34,16,4/1/2021
白石区,1104,26,2775,1373,1402,1336,1380,37,22,4/1/2021
白石区,1104,27,2661,1275,1386,1247,1363,28,23,4/1/2021
白石区,1104,28,2755,1389,1366,1359,1350,30,16,4/1/2021
白石区,1104,29,2819,1430,1389,1399,1369,31,20,4/1/2021
白石区,1104,30～34,13764,6902,6862,6748,6763,154,99,4/1/2021
白石区,1104,30,2736,1391,1345,1359,1321,32,24,4/1/2021
白石区,1104,31,2689,1333,1356,1296,1330,37,26,4/1/2021
白石区,1104,32,2737,1364,1373,1346,1357,18,16,4/1/2021
白石区,1104,33,2823,1390,1433,1349,1415,41,18,4/1/2021
白石区,1104,34,2779,1424,1355,1398,1340,26,15,4/1/2021
白石区,1104,35～39,14433,7169,7264,7109,7196,60,68,4/1/2021
白石区,1104,35,2796,1398,1398,1386,1382,12,16,4/1/2021
白石区,1104,36,2942,1503,1439,1490,1426,13,13,4/1/2021
白石区,1104,37,2860,1395,1465,1384,1447,11,18,4/1/2021
白石区,1104,38,2987,1481,1506,1471,1494,10,12,4/1/2021
白石区,1104,39,2848,1392,1456,1378,1447,14,9,4/1/2021
白石区,1104,40～44,15818,7891,7927,7852,7872,39,55,4/1/2021
白石区,1104,40,2941,1499,1442,1492,1435,7,7,4/1/2021
白石区,1104,41,3104,1531,1573,1524,1561,7,12,4/1/2021
白石区,1104,42,3124,1578,1546,1570,1536,8,10,4/1/2021
白石区,1104,43,3330,1627,1703,1620,1689,7,14,4/1/2021
白石区,1104,44,3319,1656,1663,1646,1651,10,12,4/1/2021
白石区,1104,45～49,18052,8901,9151,8867,9110,34,41,4/1/2021
白石区,1104,45,3519,1737,1782,1728,1763,9,19,4/1/2021
白石区,1104,46,3628,1823,1805,1817,1799,6,6,4/1/2021
白石区,1104,47,3715,1797,1918,1791,1910,6,8,4/1/2021
白石区,1104,48,3654,1776,1878,1771,1874,5,4,4/1/2021
白石区,1104,49,3536,1768,1768,1760,1764,8,4,4/1/2021
白石区,1104,50～54,16364,7999,8365,7980,8328,19,37,4/1/2021
白石区,1104,50,3589,1732,1857,1728,1853,4,4,4/1/2021
白石区,1104,51,3249,1571,1678,1567,1672,4,6,4/1/2021
白石区,1104,52,3439,1690,1749,1687,1741,3,8,4/1/2021
白石区,1104,53,3327,1607,1720,1601,1707,6,13,4/1/2021
白石区,1104,54,2760,1399,1361,1397,1355,2,6,4/1/2021
白石区,1104,55～59,14296,6854,7442,6836,7411,18,31,4/1/2021
白石区,1104,55,2965,1395,1570,1391,1562,4,8,4/1/2021
白石区,1104,56,2940,1414,1526,1413,1519,1,7,4/1/2021
白石区,1104,57,2965,1458,1507,1454,1503,4,4,4/1/2021
白石区,1104,58,2738,1309,1429,1304,1424,5,5,4/1/2021
白石区,1104,59,2688,1278,1410,1274,1403,4,7,4/1/2021
白石区,1104,60～64,12646,6126,6520,6097,6502,29,18,4/1/2021
白石区,1104,60,2611,1278,1333,1276,1329,2,4,4/1/2021
白石区,1104,61,2601,1276,1325,1269,1320,7,5,4/1/2021
白石区,1104,62,2594,1232,1362,1226,1358,6,4,4/1/2021
白石区,1104,63,2426,1184,1242,1177,1241,7,1,4/1/2021
白石区,1104,64,2414,1156,1258,1149,1254,7,4,4/1/2021
白石区,1104,65～69,12943,6085,6858,6071,6847,14,11,4/1/2021
白石区,1104,65,2432,1127,1305,1125,1304,2,1,4/1/2021
白石区,1104,66,2524,1223,1301,1216,1298,7,3,4/1/2021
白石区,1104,67,2512,1185,1327,1185,1325,0,2,4/1/2021
白石区,1104,68,2683,1243,1440,1241,1439,2,1,4/1/2021
白石区,1104,69,2792,1307,1485,1304,1481,3,4,4/1/2021
白石区,1104,70～74,14220,6538,7682,6530,7675,8,7,4/1/2021
白石区,1104,70,2960,1355,1605,1354,1604,1,1,4/1/2021
白石区,1104,71,3130,1423,1707,1420,1705,3,2,4/1/2021
白石区,1104,72,3039,1402,1637,1399,1635,3,2,4/1/2021
白石区,1104,73,2764,1319,1445,1318,1443,1,2,4/1/2021
白石区,1104,74,2327,1039,1288,1039,1288,0,0,4/1/2021
白石区,1104,75～79,9715,4046,5669,4041,5666,5,3,4/1/2021
白石区,1104,75,1766,766,1000,766,1000,0,0,4/1/2021
白石区,1104,76,1897,767,1130,765,1129,2,1,4/1/2021
白石区,1104,77,2128,921,1207,920,1206,1,1,4/1/2021
白石区,1104,78,1927,789,1138,787,1137,2,1,4/1/2021
白石区,1104,79,1997,803,1194,803,1194,0,0,4/1/2021
白石区,1104,80～84,7616,2828,4788,2825,4776,3,12,4/1/2021
白石区,1104,80,1829,711,1118,711,1115,0,3,4/1/2021
白石区,1104,81,1556,614,942,613,941,1,1,4/1/2021
白石区,1104,82,1389,502,887,501,886,1,1,4/1/2021
白石区,1104,83,1474,517,957,517,952,0,5,4/1/2021
白石区,1104,84,1368,484,884,483,882,1,2,4/1/2021
白石区,1104,85～89,5547,1835,3712,1830,3710,5,2,4/1/2021
白石区,1104,85,1333,464,869,462,869,2,0,4/1/2021
白石区,1104,86,1244,429,815,426,814,3,1,4/1/2021
白石区,1104,87,1090,366,724,366,724,0,0,4/1/2021
白石区,1104,88,1063,321,742,321,742,0,0,4/1/2021
白石区,1104,89,817,255,562,255,561,0,1,4/1/2021
白石区,1104,90～94,2631,747,1884,745,1884,2,0,4/1/2021
白石区,1104,90,771,236,535,236,535,0,0,4/1/2021
白石区,1104,91,602,166,436,166,436,0,0,4/1/2021
白石区,1104,92,527,147,380,146,380,1,0,4/1/2021
白石区,1104,93,423,115,308,115,308,0,0,4/1/2021
白石区,1104,94,308,83,225,82,225,1,0,4/1/2021
白石区,1104,95～99,796,136,660,136,660,0,0,4/1/2021
白石区,1104,95,276,55,221,55,221,0,0,4/1/2021
白石区,1104,96,205,38,167,38,167,0,0,4/1/2021
白石区,1104,97,151,23,128,23,128,0,0,4/1/2021
白石区,1104,98,98,17,81,17,81,0,0,4/1/2021
白石区,1104,99,66,3,63,3,63,0,0,4/1/2021
白石区,1104,100歳以上,99,13,86,13,86,0,0,4/1/2021
白石区,1104, 0～14歳,22506,11615,10891,11584,10871,31,20,4/1/2021
白石区,1104,15～64歳,137926,67860,70066,67231,69539,629,527,4/1/2021
白石区,1104,65歳以上,53567,22228,31339,22191,31304,37,35,4/1/2021
白石区,1104,平均年齢,46.81274912,45.07465365,48.38688822,45.14545671,48.44161878,34.81420373,37.8814433,4/1/2021
厚別区,1108,総数,126279,57809,68470,57483,68025,326,445,4/1/2021
厚別区,1108, 0～ 4,3427,1739,1688,1727,1686,12,2,4/1/2021
厚別区,1108,0,585,284,301,282,300,2,1,4/1/2021
厚別区,1108,1,659,342,317,339,317,3,0,4/1/2021
厚別区,1108,2,698,361,337,358,336,3,1,4/1/2021
厚別区,1108,3,727,367,360,366,360,1,0,4/1/2021
厚別区,1108,4,758,385,373,382,373,3,0,4/1/2021
厚別区,1108, 5～ 9,4220,2144,2076,2138,2065,6,11,4/1/2021
厚別区,1108,5,803,405,398,402,394,3,4,4/1/2021
厚別区,1108,6,806,408,398,407,396,1,2,4/1/2021
厚別区,1108,7,874,465,409,463,408,2,1,4/1/2021
厚別区,1108,8,869,444,425,444,423,0,2,4/1/2021
厚別区,1108,9,868,422,446,422,444,0,2,4/1/2021
厚別区,1108,10～14,5009,2575,2434,2567,2430,8,4,4/1/2021
厚別区,1108,10,974,488,486,487,484,1,2,4/1/2021
厚別区,1108,11,1036,522,514,520,513,2,1,4/1/2021
厚別区,1108,12,991,482,509,481,508,1,1,4/1/2021
厚別区,1108,13,997,534,463,532,463,2,0,4/1/2021
厚別区,1108,14,1011,549,462,547,462,2,0,4/1/2021
厚別区,1108,15～19,5490,2795,2695,2787,2689,8,6,4/1/2021
厚別区,1108,15,1017,542,475,540,474,2,1,4/1/2021
厚別区,1108,16,1050,545,505,544,504,1,1,4/1/2021
厚別区,1108,17,1114,574,540,573,540,1,0,4/1/2021
厚別区,1108,18,1128,584,544,582,542,2,2,4/1/2021
厚別区,1108,19,1181,550,631,548,629,2,2,4/1/2021
厚別区,1108,20～24,5670,2740,2930,2702,2872,38,58,4/1/2021
厚別区,1108,20,1162,548,614,541,604,7,10,4/1/2021
厚別区,1108,21,1151,566,585,554,573,12,12,4/1/2021
厚別区,1108,22,1143,566,577,558,561,8,16,4/1/2021
厚別区,1108,23,1102,539,563,533,551,6,12,4/1/2021
厚別区,1108,24,1112,521,591,516,583,5,8,4/1/2021
厚別区,1108,25～29,4926,2303,2623,2264,2589,39,34,4/1/2021
厚別区,1108,25,984,452,532,446,528,6,4,4/1/2021
厚別区,1108,26,1012,478,534,466,528,12,6,4/1/2021
厚別区,1108,27,999,504,495,495,487,9,8,4/1/2021
厚別区,1108,28,953,431,522,425,514,6,8,4/1/2021
厚別区,1108,29,978,438,540,432,532,6,8,4/1/2021
厚別区,1108,30～34,5627,2756,2871,2720,2819,36,52,4/1/2021
厚別区,1108,30,1037,506,531,498,521,8,10,4/1/2021
厚別区,1108,31,1015,495,520,486,509,9,11,4/1/2021
厚別区,1108,32,1153,568,585,558,569,10,16,4/1/2021
厚別区,1108,33,1201,579,622,578,617,1,5,4/1/2021
厚別区,1108,34,1221,608,613,600,603,8,10,4/1/2021
厚別区,1108,35～39,6595,3180,3415,3142,3347,38,68,4/1/2021
厚別区,1108,35,1258,607,651,595,637,12,14,4/1/2021
厚別区,1108,36,1268,624,644,618,631,6,13,4/1/2021
厚別区,1108,37,1340,621,719,618,705,3,14,4/1/2021
厚別区,1108,38,1411,680,731,670,719,10,12,4/1/2021
厚別区,1108,39,1318,648,670,641,655,7,15,4/1/2021
厚別区,1108,40～44,7822,3745,4077,3717,3992,28,85,4/1/2021
厚別区,1108,40,1442,694,748,690,731,4,17,4/1/2021
厚別区,1108,41,1496,726,770,721,759,5,11,4/1/2021
厚別区,1108,42,1583,766,817,758,795,8,22,4/1/2021
厚別区,1108,43,1614,754,860,747,840,7,20,4/1/2021
厚別区,1108,44,1687,805,882,801,867,4,15,4/1/2021
厚別区,1108,45～49,9586,4377,5209,4358,5159,19,50,4/1/2021
厚別区,1108,45,1779,799,980,793,961,6,19,4/1/2021
厚別区,1108,46,1928,900,1028,896,1020,4,8,4/1/2021
厚別区,1108,47,1969,914,1055,910,1049,4,6,4/1/2021
厚別区,1108,48,2009,922,1087,921,1079,1,8,4/1/2021
厚別区,1108,49,1901,842,1059,838,1050,4,9,4/1/2021
厚別区,1108,50～54,9245,4257,4988,4241,4975,16,13,4/1/2021
厚別区,1108,50,1871,867,1004,865,1001,2,3,4/1/2021
厚別区,1108,51,1924,894,1030,889,1029,5,1,4/1/2021
厚別区,1108,52,1888,884,1004,881,1000,3,4,4/1/2021
厚別区,1108,53,1900,866,1034,864,1031,2,3,4/1/2021
厚別区,1108,54,1662,746,916,742,914,4,2,4/1/2021
厚別区,1108,55～59,8932,3999,4933,3976,4913,23,20,4/1/2021
厚別区,1108,55,1791,796,995,793,991,3,4,4/1/2021
厚別区,1108,56,1790,803,987,799,986,4,1,4/1/2021
厚別区,1108,57,1739,818,921,811,915,7,6,4/1/2021
厚別区,1108,58,1811,803,1008,797,1004,6,4,4/1/2021
厚別区,1108,59,1801,779,1022,776,1017,3,5,4/1/2021
厚別区,1108,60～64,8863,4059,4804,4043,4795,16,9,4/1/2021
厚別区,1108,60,1726,808,918,806,916,2,2,4/1/2021
厚別区,1108,61,1851,845,1006,839,1004,6,2,4/1/2021
厚別区,1108,62,1768,798,970,794,970,4,0,4/1/2021
厚別区,1108,63,1728,785,943,781,940,4,3,4/1/2021
厚別区,1108,64,1790,823,967,823,965,0,2,4/1/2021
厚別区,1108,65～69,10038,4613,5425,4601,5416,12,9,4/1/2021
厚別区,1108,65,1975,868,1107,867,1104,1,3,4/1/2021
厚別区,1108,66,1945,880,1065,877,1063,3,2,4/1/2021
厚別区,1108,67,1971,948,1023,947,1020,1,3,4/1/2021
厚別区,1108,68,2010,931,1079,926,1078,5,1,4/1/2021
厚別区,1108,69,2137,986,1151,984,1151,2,0,4/1/2021
厚別区,1108,70～74,11208,4937,6271,4928,6260,9,11,4/1/2021
厚別区,1108,70,2322,1054,1268,1052,1266,2,2,4/1/2021
厚別区,1108,71,2422,1085,1337,1084,1336,1,1,4/1/2021
厚別区,1108,72,2359,1032,1327,1029,1324,3,3,4/1/2021
厚別区,1108,73,2184,936,1248,934,1245,2,3,4/1/2021
厚別区,1108,74,1921,830,1091,829,1089,1,2,4/1/2021
厚別区,1108,75～79,7663,3337,4326,3330,4319,7,7,4/1/2021
厚別区,1108,75,1392,595,797,592,796,3,1,4/1/2021
厚別区,1108,76,1536,648,888,647,886,1,2,4/1/2021
厚別区,1108,77,1695,785,910,784,910,1,0,4/1/2021
厚別区,1108,78,1511,667,844,666,844,1,0,4/1/2021
厚別区,1108,79,1529,642,887,641,883,1,4,4/1/2021
厚別区,1108,80～84,5714,2316,3398,2312,3395,4,3,4/1/2021
厚別区,1108,80,1404,593,811,592,810,1,1,4/1/2021
厚別区,1108,81,1146,481,665,481,664,0,1,4/1/2021
厚別区,1108,82,1058,421,637,420,637,1,0,4/1/2021
厚別区,1108,83,1090,428,662,427,662,1,0,4/1/2021
厚別区,1108,84,1016,393,623,392,622,1,1,4/1/2021
厚別区,1108,85～89,3769,1312,2457,1307,2455,5,2,4/1/2021
厚別区,1108,85,960,353,607,351,606,2,1,4/1/2021
厚別区,1108,86,830,290,540,288,540,2,0,4/1/2021
厚別区,1108,87,691,246,445,246,444,0,1,4/1/2021
厚別区,1108,88,710,229,481,228,481,1,0,4/1/2021
厚別区,1108,89,578,194,384,194,384,0,0,4/1/2021
厚別区,1108,90～94,1844,524,1320,522,1319,2,1,4/1/2021
厚別区,1108,90,530,159,371,159,370,0,1,4/1/2021
厚別区,1108,91,404,117,287,117,287,0,0,4/1/2021
厚別区,1108,92,346,96,250,94,250,2,0,4/1/2021
厚別区,1108,93,324,93,231,93,231,0,0,4/1/2021
厚別区,1108,94,240,59,181,59,181,0,0,4/1/2021
厚別区,1108,95～99,541,91,450,91,450,0,0,4/1/2021
厚別区,1108,95,197,42,155,42,155,0,0,4/1/2021
厚別区,1108,96,134,19,115,19,115,0,0,4/1/2021
厚別区,1108,97,100,16,84,16,84,0,0,4/1/2021
厚別区,1108,98,70,11,59,11,59,0,0,4/1/2021
厚別区,1108,99,40,3,37,3,37,0,0,4/1/2021
厚別区,1108,100歳以上,90,10,80,10,80,0,0,4/1/2021
厚別区,1108, 0～14歳,12656,6458,6198,6432,6181,26,17,4/1/2021
厚別区,1108,15～64歳,72756,34211,38545,33950,38150,261,395,4/1/2021
厚別区,1108,65歳以上,40867,17140,23727,17101,23694,39,33,4/1/2021
厚別区,1108,平均年齢,50.28157097,48.45471293,51.82398131,48.50330533,51.90507166,39.88650307,39.42808989,4/1/2021
豊平区,1105,総数,224817,103977,120840,103235,120053,742,787,4/1/2021
豊平区,1105, 0～ 4,7541,3805,3736,3788,3718,17,18,4/1/2021
豊平区,1105,0,1477,761,716,757,712,4,4,4/1/2021
豊平区,1105,1,1500,760,740,757,736,3,4,4/1/2021
豊平区,1105,2,1443,731,712,729,710,2,2,4/1/2021
豊平区,1105,3,1585,786,799,782,793,4,6,4/1/2021
豊平区,1105,4,1536,767,769,763,767,4,2,4/1/2021
豊平区,1105, 5～ 9,7938,4125,3813,4108,3803,17,10,4/1/2021
豊平区,1105,5,1612,828,784,825,782,3,2,4/1/2021
豊平区,1105,6,1581,817,764,813,761,4,3,4/1/2021
豊平区,1105,7,1571,834,737,833,734,1,3,4/1/2021
豊平区,1105,8,1584,823,761,819,760,4,1,4/1/2021
豊平区,1105,9,1590,823,767,818,766,5,1,4/1/2021
豊平区,1105,10～14,8068,4133,3935,4118,3917,15,18,4/1/2021
豊平区,1105,10,1618,835,783,834,782,1,1,4/1/2021
豊平区,1105,11,1584,828,756,823,752,5,4,4/1/2021
豊平区,1105,12,1650,850,800,847,793,3,7,4/1/2021
豊平区,1105,13,1599,811,788,806,784,5,4,4/1/2021
豊平区,1105,14,1617,809,808,808,806,1,2,4/1/2021
豊平区,1105,15～19,8450,4293,4157,4272,4142,21,15,4/1/2021
豊平区,1105,15,1516,803,713,800,713,3,0,4/1/2021
豊平区,1105,16,1552,783,769,779,763,4,6,4/1/2021
豊平区,1105,17,1636,810,826,807,824,3,2,4/1/2021
豊平区,1105,18,1826,913,913,908,912,5,1,4/1/2021
豊平区,1105,19,1920,984,936,978,930,6,6,4/1/2021
豊平区,1105,20～24,12287,5968,6319,5891,6227,77,92,4/1/2021
豊平区,1105,20,2049,1025,1024,1016,1014,9,10,4/1/2021
豊平区,1105,21,2299,1116,1183,1104,1174,12,9,4/1/2021
豊平区,1105,22,2552,1249,1303,1236,1285,13,18,4/1/2021
豊平区,1105,23,2604,1244,1360,1222,1334,22,26,4/1/2021
豊平区,1105,24,2783,1334,1449,1313,1420,21,29,4/1/2021
豊平区,1105,25～29,14552,6690,7862,6546,7693,144,169,4/1/2021
豊平区,1105,25,2839,1337,1502,1308,1470,29,32,4/1/2021
豊平区,1105,26,3012,1399,1613,1372,1579,27,34,4/1/2021
豊平区,1105,27,2872,1298,1574,1272,1538,26,36,4/1/2021
豊平区,1105,28,2869,1273,1596,1246,1553,27,43,4/1/2021
豊平区,1105,29,2960,1383,1577,1348,1553,35,24,4/1/2021
豊平区,1105,30～34,14854,7123,7731,7004,7611,119,120,4/1/2021
豊平区,1105,30,2913,1363,1550,1337,1522,26,28,4/1/2021
豊平区,1105,31,2887,1356,1531,1328,1500,28,31,4/1/2021
豊平区,1105,32,3027,1468,1559,1439,1535,29,24,4/1/2021
豊平区,1105,33,2992,1445,1547,1424,1521,21,26,4/1/2021
豊平区,1105,34,3035,1491,1544,1476,1533,15,11,4/1/2021
豊平区,1105,35～39,15253,7255,7998,7172,7938,83,60,4/1/2021
豊平区,1105,35,3054,1448,1606,1425,1594,23,12,4/1/2021
豊平区,1105,36,3089,1492,1597,1471,1584,21,13,4/1/2021
豊平区,1105,37,3123,1476,1647,1465,1637,11,10,4/1/2021
豊平区,1105,38,3009,1414,1595,1400,1578,14,17,4/1/2021
豊平区,1105,39,2978,1425,1553,1411,1545,14,8,4/1/2021
豊平区,1105,40～44,16031,7686,8345,7623,8292,63,53,4/1/2021
豊平区,1105,40,3025,1440,1585,1430,1568,10,17,4/1/2021
豊平区,1105,41,3243,1534,1709,1514,1701,20,8,4/1/2021
豊平区,1105,42,3134,1469,1665,1457,1652,12,13,4/1/2021
豊平区,1105,43,3311,1650,1661,1636,1653,14,8,4/1/2021
豊平区,1105,44,3318,1593,1725,1586,1718,7,7,4/1/2021
豊平区,1105,45～49,18425,8891,9534,8845,9482,46,52,4/1/2021
豊平区,1105,45,3595,1725,1870,1714,1861,11,9,4/1/2021
豊平区,1105,46,3689,1802,1887,1791,1876,11,11,4/1/2021
豊平区,1105,47,3721,1802,1919,1796,1907,6,12,4/1/2021
豊平区,1105,48,3835,1821,2014,1813,2004,8,10,4/1/2021
豊平区,1105,49,3585,1741,1844,1731,1834,10,10,4/1/2021
豊平区,1105,50～54,16414,7844,8570,7812,8533,32,37,4/1/2021
豊平区,1105,50,3519,1641,1878,1635,1871,6,7,4/1/2021
豊平区,1105,51,3379,1686,1693,1679,1689,7,4,4/1/2021
豊平区,1105,52,3358,1617,1741,1610,1736,7,5,4/1/2021
豊平区,1105,53,3346,1565,1781,1560,1768,5,13,4/1/2021
豊平区,1105,54,2812,1335,1477,1328,1469,7,8,4/1/2021
豊平区,1105,55～59,14742,6823,7919,6793,7880,30,39,4/1/2021
豊平区,1105,55,3024,1381,1643,1373,1637,8,6,4/1/2021
豊平区,1105,56,3003,1424,1579,1418,1573,6,6,4/1/2021
豊平区,1105,57,3061,1387,1674,1380,1662,7,12,4/1/2021
豊平区,1105,58,2884,1344,1540,1341,1533,3,7,4/1/2021
豊平区,1105,59,2770,1287,1483,1281,1475,6,8,4/1/2021
豊平区,1105,60～64,13003,6039,6964,6011,6925,28,39,4/1/2021
豊平区,1105,60,2711,1257,1454,1253,1446,4,8,4/1/2021
豊平区,1105,61,2735,1251,1484,1246,1476,5,8,4/1/2021
豊平区,1105,62,2624,1231,1393,1224,1390,7,3,4/1/2021
豊平区,1105,63,2421,1111,1310,1106,1304,5,6,4/1/2021
豊平区,1105,64,2512,1189,1323,1182,1309,7,14,4/1/2021
豊平区,1105,65～69,13463,6198,7265,6179,7243,19,22,4/1/2021
豊平区,1105,65,2495,1199,1296,1195,1290,4,6,4/1/2021
豊平区,1105,66,2561,1198,1363,1191,1360,7,3,4/1/2021
豊平区,1105,67,2663,1225,1438,1223,1434,2,4,4/1/2021
豊平区,1105,68,2811,1277,1534,1272,1532,5,2,4/1/2021
豊平区,1105,69,2933,1299,1634,1298,1627,1,7,4/1/2021
豊平区,1105,70～74,14857,6590,8267,6575,8249,15,18,4/1/2021
豊平区,1105,70,2985,1321,1664,1319,1660,2,4,4/1/2021
豊平区,1105,71,3303,1466,1837,1463,1835,3,2,4/1/2021
豊平区,1105,72,3197,1418,1779,1414,1771,4,8,4/1/2021
豊平区,1105,73,2877,1298,1579,1296,1576,2,3,4/1/2021
豊平区,1105,74,2495,1087,1408,1083,1407,4,1,4/1/2021
豊平区,1105,75～79,10490,4327,6163,4322,6154,5,9,4/1/2021
豊平区,1105,75,1975,809,1166,807,1166,2,0,4/1/2021
豊平区,1105,76,2084,879,1205,878,1205,1,0,4/1/2021
豊平区,1105,77,2282,937,1345,937,1340,0,5,4/1/2021
豊平区,1105,78,2013,812,1201,811,1199,1,2,4/1/2021
豊平区,1105,79,2136,890,1246,889,1244,1,2,4/1/2021
豊平区,1105,80～84,8210,3043,5167,3037,5160,6,7,4/1/2021
豊平区,1105,80,1881,729,1152,726,1149,3,3,4/1/2021
豊平区,1105,81,1598,587,1011,587,1010,0,1,4/1/2021
豊平区,1105,82,1629,598,1031,598,1029,0,2,4/1/2021
豊平区,1105,83,1631,593,1038,591,1038,2,0,4/1/2021
豊平区,1105,84,1471,536,935,535,934,1,1,4/1/2021
豊平区,1105,85～89,6157,2092,4065,2088,4060,4,5,4/1/2021
豊平区,1105,85,1499,534,965,533,964,1,1,4/1/2021
豊平区,1105,86,1364,485,879,485,879,0,0,4/1/2021
豊平区,1105,87,1238,432,806,432,804,0,2,4/1/2021
豊平区,1105,88,1152,346,806,344,806,2,0,4/1/2021
豊平区,1105,89,904,295,609,294,607,1,2,4/1/2021
豊平区,1105,90～94,3069,837,2232,836,2229,1,3,4/1/2021
豊平区,1105,90,915,276,639,275,637,1,2,4/1/2021
豊平区,1105,91,683,188,495,188,495,0,0,4/1/2021
豊平区,1105,92,638,170,468,170,468,0,0,4/1/2021
豊平区,1105,93,466,114,352,114,351,0,1,4/1/2021
豊平区,1105,94,367,89,278,89,278,0,0,4/1/2021
豊平区,1105,95～99,879,197,682,197,681,0,1,4/1/2021
豊平区,1105,95,307,85,222,85,222,0,0,4/1/2021
豊平区,1105,96,207,43,164,43,164,0,0,4/1/2021
豊平区,1105,97,168,37,131,37,130,0,1,4/1/2021
豊平区,1105,98,106,22,84,22,84,0,0,4/1/2021
豊平区,1105,99,91,10,81,10,81,0,0,4/1/2021
豊平区,1105,100歳以上,134,18,116,18,116,0,0,4/1/2021
豊平区,1105, 0～14歳,23547,12063,11484,12014,11438,49,46,4/1/2021
豊平区,1105,15～64歳,144011,68612,75399,67969,74723,643,676,4/1/2021
豊平区,1105,65歳以上,57259,23302,33957,23252,33892,50,65,4/1/2021
豊平区,1105,平均年齢,46.84897272,45.03258894,48.41188348,45.09387805,48.48178305,36.50539084,37.74904701,4/1/2021
清田区,1110,総数,112370,53410,58960,53085,58672,325,288,4/1/2021
清田区,1110, 0～ 4,3491,1810,1681,1799,1672,11,9,4/1/2021
清田区,1110,0,532,288,244,284,243,4,1,4/1/2021
清田区,1110,1,609,316,293,315,290,1,3,4/1/2021
清田区,1110,2,697,345,352,343,351,2,1,4/1/2021
清田区,1110,3,781,417,364,416,362,1,2,4/1/2021
清田区,1110,4,872,444,428,441,426,3,2,4/1/2021
清田区,1110, 5～ 9,5012,2584,2428,2573,2420,11,8,4/1/2021
清田区,1110,5,933,495,438,492,438,3,0,4/1/2021
清田区,1110,6,973,492,481,491,480,1,1,4/1/2021
清田区,1110,7,980,511,469,510,467,1,2,4/1/2021
清田区,1110,8,1026,523,503,523,501,0,2,4/1/2021
清田区,1110,9,1100,563,537,557,534,6,3,4/1/2021
清田区,1110,10～14,5626,2899,2727,2893,2717,6,10,4/1/2021
清田区,1110,10,1070,534,536,534,533,0,3,4/1/2021
清田区,1110,11,1107,570,537,569,533,1,4,4/1/2021
清田区,1110,12,1150,580,570,579,569,1,1,4/1/2021
清田区,1110,13,1147,618,529,614,529,4,0,4/1/2021
清田区,1110,14,1152,597,555,597,553,0,2,4/1/2021
清田区,1110,15～19,5720,2901,2819,2895,2808,6,11,4/1/2021
清田区,1110,15,1190,621,569,619,566,2,3,4/1/2021
清田区,1110,16,1070,524,546,522,546,2,0,4/1/2021
清田区,1110,17,1181,603,578,603,577,0,1,4/1/2021
清田区,1110,18,1189,595,594,595,591,0,3,4/1/2021
清田区,1110,19,1090,558,532,556,528,2,4,4/1/2021
清田区,1110,20～24,4556,2291,2265,2208,2221,83,44,4/1/2021
清田区,1110,20,1082,549,533,537,521,12,12,4/1/2021
清田区,1110,21,1033,533,500,518,494,15,6,4/1/2021
清田区,1110,22,902,454,448,429,436,25,12,4/1/2021
清田区,1110,23,772,362,410,347,401,15,9,4/1/2021
清田区,1110,24,767,393,374,377,369,16,5,4/1/2021
清田区,1110,25～29,3428,1670,1758,1629,1727,41,31,4/1/2021
清田区,1110,25,655,319,336,310,327,9,9,4/1/2021
清田区,1110,26,668,313,355,303,347,10,8,4/1/2021
清田区,1110,27,695,348,347,340,342,8,5,4/1/2021
清田区,1110,28,725,356,369,348,365,8,4,4/1/2021
清田区,1110,29,685,334,351,328,346,6,5,4/1/2021
清田区,1110,30～34,4464,2159,2305,2123,2281,36,24,4/1/2021
清田区,1110,30,792,381,411,374,406,7,5,4/1/2021
清田区,1110,31,768,375,393,369,391,6,2,4/1/2021
清田区,1110,32,944,441,503,431,495,10,8,4/1/2021
清田区,1110,33,959,480,479,475,476,5,3,4/1/2021
清田区,1110,34,1001,482,519,474,513,8,6,4/1/2021
清田区,1110,35～39,5971,2834,3137,2817,3115,17,22,4/1/2021
清田区,1110,35,1026,486,540,484,533,2,7,4/1/2021
清田区,1110,36,1163,573,590,572,586,1,4,4/1/2021
清田区,1110,37,1202,578,624,574,619,4,5,4/1/2021
清田区,1110,38,1279,593,686,588,682,5,4,4/1/2021
清田区,1110,39,1301,604,697,599,695,5,2,4/1/2021
清田区,1110,40～44,7557,3649,3908,3630,3884,19,24,4/1/2021
清田区,1110,40,1368,655,713,651,709,4,4,4/1/2021
清田区,1110,41,1485,720,765,717,760,3,5,4/1/2021
清田区,1110,42,1577,755,822,749,816,6,6,4/1/2021
清田区,1110,43,1563,761,802,759,800,2,2,4/1/2021
清田区,1110,44,1564,758,806,754,799,4,7,4/1/2021
清田区,1110,45～49,8851,4367,4484,4347,4469,20,15,4/1/2021
清田区,1110,45,1668,808,860,807,856,1,4,4/1/2021
清田区,1110,46,1777,842,935,837,932,5,3,4/1/2021
清田区,1110,47,1753,866,887,862,884,4,3,4/1/2021
清田区,1110,48,1835,939,896,935,893,4,3,4/1/2021
清田区,1110,49,1818,912,906,906,904,6,2,4/1/2021
清田区,1110,50～54,7924,3809,4115,3794,4094,15,21,4/1/2021
清田区,1110,50,1699,831,868,828,866,3,2,4/1/2021
清田区,1110,51,1576,725,851,724,844,1,7,4/1/2021
清田区,1110,52,1596,786,810,783,808,3,2,4/1/2021
清田区,1110,53,1671,809,862,804,856,5,6,4/1/2021
清田区,1110,54,1382,658,724,655,720,3,4,4/1/2021
清田区,1110,55～59,7791,3678,4113,3668,4095,10,18,4/1/2021
清田区,1110,55,1564,759,805,758,802,1,3,4/1/2021
清田区,1110,56,1552,707,845,705,842,2,3,4/1/2021
清田区,1110,57,1592,761,831,758,828,3,3,4/1/2021
清田区,1110,58,1505,723,782,721,780,2,2,4/1/2021
清田区,1110,59,1578,728,850,726,843,2,7,4/1/2021
清田区,1110,60～64,8100,3830,4270,3811,4251,19,19,4/1/2021
清田区,1110,60,1667,792,875,783,869,9,6,4/1/2021
清田区,1110,61,1593,770,823,766,819,4,4,4/1/2021
清田区,1110,62,1593,761,832,759,829,2,3,4/1/2021
清田区,1110,63,1621,742,879,739,875,3,4,4/1/2021
清田区,1110,64,1626,765,861,764,859,1,2,4/1/2021
清田区,1110,65～69,8965,4332,4633,4321,4623,11,10,4/1/2021
清田区,1110,65,1693,837,856,834,853,3,3,4/1/2021
清田区,1110,66,1759,855,904,854,902,1,2,4/1/2021
清田区,1110,67,1747,832,915,830,915,2,0,4/1/2021
清田区,1110,68,1853,910,943,909,943,1,0,4/1/2021
清田区,1110,69,1913,898,1015,894,1010,4,5,4/1/2021
清田区,1110,70～74,9528,4547,4981,4535,4970,12,11,4/1/2021
清田区,1110,70,2015,955,1060,952,1054,3,6,4/1/2021
清田区,1110,71,2123,1014,1109,1009,1105,5,4,4/1/2021
清田区,1110,72,2057,991,1066,990,1066,1,0,4/1/2021
清田区,1110,73,1795,872,923,870,922,2,1,4/1/2021
清田区,1110,74,1538,715,823,714,823,1,0,4/1/2021
清田区,1110,75～79,5975,2741,3234,2738,3230,3,4,4/1/2021
清田区,1110,75,1130,547,583,547,583,0,0,4/1/2021
清田区,1110,76,1237,582,655,582,653,0,2,4/1/2021
清田区,1110,77,1294,591,703,589,701,2,2,4/1/2021
清田区,1110,78,1212,530,682,529,682,1,0,4/1/2021
清田区,1110,79,1102,491,611,491,611,0,0,4/1/2021
清田区,1110,80～84,4208,1776,2432,1773,2430,3,2,4/1/2021
清田区,1110,80,1050,473,577,473,577,0,0,4/1/2021
清田区,1110,81,886,380,506,379,505,1,1,4/1/2021
清田区,1110,82,760,318,442,317,441,1,1,4/1/2021
清田区,1110,83,792,310,482,309,482,1,0,4/1/2021
清田区,1110,84,720,295,425,295,425,0,0,4/1/2021
清田区,1110,85～89,3066,1023,2043,1021,2041,2,2,4/1/2021
清田区,1110,85,735,250,485,249,484,1,1,4/1/2021
清田区,1110,86,694,236,458,235,457,1,1,4/1/2021
清田区,1110,87,570,203,367,203,367,0,0,4/1/2021
清田区,1110,88,600,184,416,184,416,0,0,4/1/2021
清田区,1110,89,467,150,317,150,317,0,0,4/1/2021
清田区,1110,90～94,1598,416,1182,416,1179,0,3,4/1/2021
清田区,1110,90,415,110,305,110,303,0,2,4/1/2021
清田区,1110,91,383,97,286,97,286,0,0,4/1/2021
清田区,1110,92,338,85,253,85,253,0,0,4/1/2021
清田区,1110,93,257,74,183,74,183,0,0,4/1/2021
清田区,1110,94,205,50,155,50,154,0,1,4/1/2021
清田区,1110,95～99,470,84,386,84,386,0,0,4/1/2021
清田区,1110,95,153,33,120,33,120,0,0,4/1/2021
清田区,1110,96,122,24,98,24,98,0,0,4/1/2021
清田区,1110,97,90,15,75,15,75,0,0,4/1/2021
清田区,1110,98,61,6,55,6,55,0,0,4/1/2021
清田区,1110,99,44,6,38,6,38,0,0,4/1/2021
清田区,1110,100歳以上,69,10,59,10,59,0,0,4/1/2021
清田区,1110, 0～14歳,14129,7293,6836,7265,6809,28,27,4/1/2021
清田区,1110,15～64歳,64362,31188,33174,30922,32945,266,229,4/1/2021
清田区,1110,65歳以上,33879,14929,18950,14898,18918,31,32,4/1/2021
清田区,1110,平均年齢,48.66478597,47.10522374,50.0775441,47.17373081,50.13140851,35.91538462,39.10416667,4/1/2021
南区,1106,総数,135089,62596,72493,62237,72136,359,357,4/1/2021
南区,1106, 0～ 4,3770,1936,1834,1921,1817,15,17,4/1/2021
南区,1106,0,646,321,325,319,321,2,4,4/1/2021
南区,1106,1,698,380,318,373,314,7,4,4/1/2021
南区,1106,2,722,369,353,368,350,1,3,4/1/2021
南区,1106,3,860,450,410,445,405,5,5,4/1/2021
南区,1106,4,844,416,428,416,427,0,1,4/1/2021
南区,1106, 5～ 9,4709,2420,2289,2409,2282,11,7,4/1/2021
南区,1106,5,885,444,441,442,440,2,1,4/1/2021
南区,1106,6,947,495,452,494,450,1,2,4/1/2021
南区,1106,7,937,486,451,483,451,3,0,4/1/2021
南区,1106,8,950,487,463,484,462,3,1,4/1/2021
南区,1106,9,990,508,482,506,479,2,3,4/1/2021
南区,1106,10～14,5070,2588,2482,2583,2474,5,8,4/1/2021
南区,1106,10,1005,535,470,534,470,1,0,4/1/2021
南区,1106,11,1016,502,514,502,513,0,1,4/1/2021
南区,1106,12,996,522,474,521,470,1,4,4/1/2021
南区,1106,13,1054,519,535,516,534,3,1,4/1/2021
南区,1106,14,999,510,489,510,487,0,2,4/1/2021
南区,1106,15～19,5487,2814,2673,2809,2663,5,10,4/1/2021
南区,1106,15,996,509,487,507,487,2,0,4/1/2021
南区,1106,16,1062,530,532,530,532,0,0,4/1/2021
南区,1106,17,1083,572,511,572,508,0,3,4/1/2021
南区,1106,18,1115,554,561,553,561,1,0,4/1/2021
南区,1106,19,1231,649,582,647,575,2,7,4/1/2021
南区,1106,20～24,5545,2803,2742,2767,2698,36,44,4/1/2021
南区,1106,20,1224,617,607,608,599,9,8,4/1/2021
南区,1106,21,1138,585,553,577,547,8,6,4/1/2021
南区,1106,22,1081,553,528,547,519,6,9,4/1/2021
南区,1106,23,1084,553,531,546,524,7,7,4/1/2021
南区,1106,24,1018,495,523,489,509,6,14,4/1/2021
南区,1106,25～29,4914,2392,2522,2348,2473,44,49,4/1/2021
南区,1106,25,997,481,516,472,503,9,13,4/1/2021
南区,1106,26,1001,461,540,449,535,12,5,4/1/2021
南区,1106,27,951,474,477,461,469,13,8,4/1/2021
南区,1106,28,1001,488,513,484,499,4,14,4/1/2021
南区,1106,29,964,488,476,482,467,6,9,4/1/2021
南区,1106,30～34,5631,2767,2864,2711,2817,56,47,4/1/2021
南区,1106,30,1044,495,549,483,541,12,8,4/1/2021
南区,1106,31,1056,545,511,535,498,10,13,4/1/2021
南区,1106,32,1130,581,549,574,542,7,7,4/1/2021
南区,1106,33,1156,561,595,545,586,16,9,4/1/2021
南区,1106,34,1245,585,660,574,650,11,10,4/1/2021
南区,1106,35～39,6829,3263,3566,3228,3532,35,34,4/1/2021
南区,1106,35,1271,606,665,598,658,8,7,4/1/2021
南区,1106,36,1375,665,710,657,702,8,8,4/1/2021
南区,1106,37,1348,638,710,634,703,4,7,4/1/2021
南区,1106,38,1415,665,750,657,743,8,7,4/1/2021
南区,1106,39,1420,689,731,682,726,7,5,4/1/2021
南区,1106,40～44,7990,3853,4137,3817,4112,36,25,4/1/2021
南区,1106,40,1450,707,743,701,736,6,7,4/1/2021
南区,1106,41,1577,747,830,739,823,8,7,4/1/2021
南区,1106,42,1645,827,818,823,815,4,3,4/1/2021
南区,1106,43,1612,764,848,759,844,5,4,4/1/2021
南区,1106,44,1706,808,898,795,894,13,4,4/1/2021
南区,1106,45～49,9178,4439,4739,4408,4718,31,21,4/1/2021
南区,1106,45,1766,858,908,853,905,5,3,4/1/2021
南区,1106,46,1782,878,904,871,901,7,3,4/1/2021
南区,1106,47,1863,909,954,901,947,8,7,4/1/2021
南区,1106,48,1932,889,1043,883,1040,6,3,4/1/2021
南区,1106,49,1835,905,930,900,925,5,5,4/1/2021
南区,1106,50～54,8885,4195,4690,4179,4656,16,34,4/1/2021
南区,1106,50,1782,864,918,860,914,4,4,4/1/2021
南区,1106,51,1770,836,934,830,928,6,6,4/1/2021
南区,1106,52,1915,896,1019,894,1012,2,7,4/1/2021
南区,1106,53,1834,862,972,858,963,4,9,4/1/2021
南区,1106,54,1584,737,847,737,839,0,8,4/1/2021
南区,1106,55～59,9299,4303,4996,4271,4976,32,20,4/1/2021
南区,1106,55,1761,807,954,802,952,5,2,4/1/2021
南区,1106,56,1824,863,961,855,952,8,9,4/1/2021
南区,1106,57,1855,855,1000,848,996,7,4,4/1/2021
南区,1106,58,1926,854,1072,848,1069,6,3,4/1/2021
南区,1106,59,1933,924,1009,918,1007,6,2,4/1/2021
南区,1106,60～64,9567,4462,5105,4451,5092,11,13,4/1/2021
南区,1106,60,1921,908,1013,907,1010,1,3,4/1/2021
南区,1106,61,1882,882,1000,878,999,4,1,4/1/2021
南区,1106,62,1915,872,1043,872,1040,0,3,4/1/2021
南区,1106,63,1932,893,1039,892,1035,1,4,4/1/2021
南区,1106,64,1917,907,1010,902,1008,5,2,4/1/2021
南区,1106,65～69,11103,5209,5894,5197,5881,12,13,4/1/2021
南区,1106,65,2055,976,1079,971,1077,5,2,4/1/2021
南区,1106,66,2180,1036,1144,1034,1140,2,4,4/1/2021
南区,1106,67,2172,1010,1162,1008,1160,2,2,4/1/2021
南区,1106,68,2291,1057,1234,1055,1230,2,4,4/1/2021
南区,1106,69,2405,1130,1275,1129,1274,1,1,4/1/2021
南区,1106,70～74,12834,5869,6965,5863,6960,6,5,4/1/2021
南区,1106,70,2554,1202,1352,1202,1352,0,0,4/1/2021
南区,1106,71,2845,1306,1539,1305,1537,1,2,4/1/2021
南区,1106,72,2669,1156,1513,1156,1511,0,2,4/1/2021
南区,1106,73,2661,1235,1426,1234,1425,1,1,4/1/2021
南区,1106,74,2105,970,1135,966,1135,4,0,4/1/2021
南区,1106,75～79,8784,3783,5001,3779,4999,4,2,4/1/2021
南区,1106,75,1594,690,904,690,902,0,2,4/1/2021
南区,1106,76,1733,741,992,740,992,1,0,4/1/2021
南区,1106,77,1922,860,1062,859,1062,1,0,4/1/2021
南区,1106,78,1721,714,1007,713,1007,1,0,4/1/2021
南区,1106,79,1814,778,1036,777,1036,1,0,4/1/2021
南区,1106,80～84,7011,2816,4195,2813,4192,3,3,4/1/2021
南区,1106,80,1590,664,926,664,924,0,2,4/1/2021
南区,1106,81,1453,605,848,603,848,2,0,4/1/2021
南区,1106,82,1334,525,809,524,809,1,0,4/1/2021
南区,1106,83,1408,548,860,548,860,0,0,4/1/2021
南区,1106,84,1226,474,752,474,751,0,1,4/1/2021
南区,1106,85～89,5083,1798,3285,1797,3281,1,4,4/1/2021
南区,1106,85,1212,456,756,455,754,1,2,4/1/2021
南区,1106,86,1154,420,734,420,733,0,1,4/1/2021
南区,1106,87,1003,347,656,347,656,0,0,4/1/2021
南区,1106,88,938,326,612,326,612,0,0,4/1/2021
南区,1106,89,776,249,527,249,526,0,1,4/1/2021
南区,1106,90～94,2545,715,1830,715,1830,0,0,4/1/2021
南区,1106,90,735,221,514,221,514,0,0,4/1/2021
南区,1106,91,577,189,388,189,388,0,0,4/1/2021
南区,1106,92,506,133,373,133,373,0,0,4/1/2021
南区,1106,93,395,104,291,104,291,0,0,4/1/2021
南区,1106,94,332,68,264,68,264,0,0,4/1/2021
南区,1106,95～99,738,148,590,148,589,0,1,4/1/2021
南区,1106,95,233,66,167,66,166,0,1,4/1/2021
南区,1106,96,194,43,151,43,151,0,0,4/1/2021
南区,1106,97,135,21,114,21,114,0,0,4/1/2021
南区,1106,98,106,9,97,9,97,0,0,4/1/2021
南区,1106,99,70,9,61,9,61,0,0,4/1/2021
南区,1106,100歳以上,117,23,94,23,94,0,0,4/1/2021
南区,1106, 0～14歳,13549,6944,6605,6913,6573,31,32,4/1/2021
南区,1106,15～64歳,73325,35291,38034,34989,37737,302,297,4/1/2021
南区,1106,65歳以上,48215,20361,27854,20335,27826,26,28,4/1/2021
南区,1106,平均年齢,51.67287862,49.67218353,53.40043177,49.73915034,53.47867916,38.06267409,37.58963585,4/1/2021
西区,1107,総数,218452,100770,117682,100241,117135,529,547,4/1/2021
西区,1107, 0～ 4,7839,4081,3758,4068,3743,13,15,4/1/2021
西区,1107,0,1418,748,670,745,670,3,0,4/1/2021
西区,1107,1,1603,821,782,819,775,2,7,4/1/2021
西区,1107,2,1572,800,772,798,769,2,3,4/1/2021
西区,1107,3,1683,868,815,863,813,5,2,4/1/2021
西区,1107,4,1563,844,719,843,716,1,3,4/1/2021
西区,1107, 5～ 9,8483,4288,4195,4277,4184,11,11,4/1/2021
西区,1107,5,1701,856,845,856,841,0,4,4/1/2021
西区,1107,6,1672,871,801,868,800,3,1,4/1/2021
西区,1107,7,1714,845,869,842,869,3,0,4/1/2021
西区,1107,8,1688,869,819,866,817,3,2,4/1/2021
西区,1107,9,1708,847,861,845,857,2,4,4/1/2021
西区,1107,10～14,8625,4389,4236,4375,4226,14,10,4/1/2021
西区,1107,10,1769,917,852,915,849,2,3,4/1/2021
西区,1107,11,1684,879,805,875,804,4,1,4/1/2021
西区,1107,12,1707,832,875,830,874,2,1,4/1/2021
西区,1107,13,1722,863,859,860,855,3,4,4/1/2021
西区,1107,14,1743,898,845,895,844,3,1,4/1/2021
西区,1107,15～19,8738,4368,4370,4358,4357,10,13,4/1/2021
西区,1107,15,1713,878,835,875,833,3,2,4/1/2021
西区,1107,16,1670,822,848,822,845,0,3,4/1/2021
西区,1107,17,1812,892,920,890,919,2,1,4/1/2021
西区,1107,18,1788,898,890,897,889,1,1,4/1/2021
西区,1107,19,1755,878,877,874,871,4,6,4/1/2021
西区,1107,20～24,9571,4557,5014,4483,4888,74,126,4/1/2021
西区,1107,20,1706,834,872,816,848,18,24,4/1/2021
西区,1107,21,1754,834,920,821,888,13,32,4/1/2021
西区,1107,22,2006,954,1052,944,1025,10,27,4/1/2021
西区,1107,23,2037,966,1071,947,1047,19,24,4/1/2021
西区,1107,24,2068,969,1099,955,1080,14,19,4/1/2021
西区,1107,25～29,10977,5059,5918,4972,5820,87,98,4/1/2021
西区,1107,25,2049,930,1119,916,1095,14,24,4/1/2021
西区,1107,26,2229,1048,1181,1028,1159,20,22,4/1/2021
西区,1107,27,2224,1023,1201,1007,1181,16,20,4/1/2021
西区,1107,28,2174,980,1194,959,1180,21,14,4/1/2021
西区,1107,29,2301,1078,1223,1062,1205,16,18,4/1/2021
西区,1107,30～34,12186,5783,6403,5714,6338,69,65,4/1/2021
西区,1107,30,2265,1042,1223,1029,1193,13,30,4/1/2021
西区,1107,31,2287,1065,1222,1050,1212,15,10,4/1/2021
西区,1107,32,2494,1161,1333,1145,1325,16,8,4/1/2021
西区,1107,33,2550,1227,1323,1215,1315,12,8,4/1/2021
西区,1107,34,2590,1288,1302,1275,1293,13,9,4/1/2021
西区,1107,35～39,14057,6732,7325,6665,7276,67,49,4/1/2021
西区,1107,35,2644,1278,1366,1263,1352,15,14,4/1/2021
西区,1107,36,2744,1345,1399,1336,1389,9,10,4/1/2021
西区,1107,37,2921,1357,1564,1340,1555,17,9,4/1/2021
西区,1107,38,2891,1382,1509,1369,1496,13,13,4/1/2021
西区,1107,39,2857,1370,1487,1357,1484,13,3,4/1/2021
西区,1107,40～44,15661,7491,8170,7445,8127,46,43,4/1/2021
西区,1107,40,2985,1432,1553,1419,1545,13,8,4/1/2021
西区,1107,41,3068,1443,1625,1430,1616,13,9,4/1/2021
西区,1107,42,3234,1530,1704,1519,1695,11,9,4/1/2021
西区,1107,43,3170,1559,1611,1556,1600,3,11,4/1/2021
西区,1107,44,3204,1527,1677,1521,1671,6,6,4/1/2021
西区,1107,45～49,17665,8434,9231,8396,9201,38,30,4/1/2021
西区,1107,45,3334,1587,1747,1573,1736,14,11,4/1/2021
西区,1107,46,3595,1751,1844,1746,1838,5,6,4/1/2021
西区,1107,47,3637,1704,1933,1700,1929,4,4,4/1/2021
西区,1107,48,3607,1699,1908,1688,1905,11,3,4/1/2021
西区,1107,49,3492,1693,1799,1689,1793,4,6,4/1/2021
西区,1107,50～54,15751,7397,8354,7372,8334,25,20,4/1/2021
西区,1107,50,3285,1596,1689,1588,1686,8,3,4/1/2021
西区,1107,51,3312,1526,1786,1523,1783,3,3,4/1/2021
西区,1107,52,3198,1469,1729,1468,1720,1,9,4/1/2021
西区,1107,53,3194,1510,1684,1506,1681,4,3,4/1/2021
西区,1107,54,2762,1296,1466,1287,1464,9,2,4/1/2021
西区,1107,55～59,14423,6642,7781,6624,7763,18,18,4/1/2021
西区,1107,55,3031,1372,1659,1368,1656,4,3,4/1/2021
西区,1107,56,2849,1303,1546,1301,1543,2,3,4/1/2021
西区,1107,57,2849,1330,1519,1327,1517,3,2,4/1/2021
西区,1107,58,2943,1363,1580,1360,1573,3,7,4/1/2021
西区,1107,59,2751,1274,1477,1268,1474,6,3,4/1/2021
西区,1107,60～64,13420,6377,7043,6363,7025,14,18,4/1/2021
西区,1107,60,2597,1251,1346,1248,1345,3,1,4/1/2021
西区,1107,61,2801,1349,1452,1346,1446,3,6,4/1/2021
西区,1107,62,2757,1274,1483,1273,1480,1,3,4/1/2021
西区,1107,63,2619,1216,1403,1212,1399,4,4,4/1/2021
西区,1107,64,2646,1287,1359,1284,1355,3,4,4/1/2021
西区,1107,65～69,14543,6792,7751,6782,7740,10,11,4/1/2021
西区,1107,65,2649,1241,1408,1238,1405,3,3,4/1/2021
西区,1107,66,2838,1334,1504,1332,1501,2,3,4/1/2021
西区,1107,67,2863,1316,1547,1313,1546,3,1,4/1/2021
西区,1107,68,3053,1387,1666,1386,1663,1,3,4/1/2021
西区,1107,69,3140,1514,1626,1513,1625,1,1,4/1/2021
西区,1107,70～74,16285,7255,9030,7240,9024,15,6,4/1/2021
西区,1107,70,3374,1505,1869,1502,1868,3,1,4/1/2021
西区,1107,71,3498,1563,1935,1559,1935,4,0,4/1/2021
西区,1107,72,3439,1537,1902,1534,1902,3,0,4/1/2021
西区,1107,73,3234,1425,1809,1421,1806,4,3,4/1/2021
西区,1107,74,2740,1225,1515,1224,1513,1,2,4/1/2021
西区,1107,75～79,11103,4615,6488,4604,6483,11,5,4/1/2021
西区,1107,75,2004,831,1173,828,1171,3,2,4/1/2021
西区,1107,76,2148,925,1223,924,1223,1,0,4/1/2021
西区,1107,77,2501,1077,1424,1076,1422,1,2,4/1/2021
西区,1107,78,2201,864,1337,862,1336,2,1,4/1/2021
西区,1107,79,2249,918,1331,914,1331,4,0,4/1/2021
西区,1107,80～84,8617,3339,5278,3336,5273,3,5,4/1/2021
西区,1107,80,2048,797,1251,796,1248,1,3,4/1/2021
西区,1107,81,1804,733,1071,732,1070,1,1,4/1/2021
西区,1107,82,1574,624,950,623,950,1,0,4/1/2021
西区,1107,83,1709,643,1066,643,1066,0,0,4/1/2021
西区,1107,84,1482,542,940,542,939,0,1,4/1/2021
西区,1107,85～89,6236,2111,4125,2108,4122,3,3,4/1/2021
西区,1107,85,1550,564,986,564,986,0,0,4/1/2021
西区,1107,86,1351,480,871,479,869,1,2,4/1/2021
西区,1107,87,1174,383,791,383,791,0,0,4/1/2021
西区,1107,88,1179,390,789,388,788,2,1,4/1/2021
西区,1107,89,982,294,688,294,688,0,0,4/1/2021
西区,1107,90～94,3157,836,2321,835,2321,1,0,4/1/2021
西区,1107,90,926,275,651,274,651,1,0,4/1/2021
西区,1107,91,737,203,534,203,534,0,0,4/1/2021
西区,1107,92,600,154,446,154,446,0,0,4/1/2021
西区,1107,93,537,117,420,117,420,0,0,4/1/2021
西区,1107,94,357,87,270,87,270,0,0,4/1/2021
西区,1107,95～99,947,187,760,187,759,0,1,4/1/2021
西区,1107,95,334,60,274,60,274,0,0,4/1/2021
西区,1107,96,216,51,165,51,165,0,0,4/1/2021
西区,1107,97,172,36,136,36,136,0,0,4/1/2021
西区,1107,98,135,23,112,23,112,0,0,4/1/2021
西区,1107,99,90,17,73,17,72,0,1,4/1/2021
西区,1107,100歳以上,168,37,131,37,131,0,0,4/1/2021
西区,1107, 0～14歳,24947,12758,12189,12720,12153,38,36,4/1/2021
西区,1107,15～64歳,132449,62840,69609,62392,69129,448,480,4/1/2021
西区,1107,65歳以上,61056,25172,35884,25129,35853,43,31,4/1/2021
西区,1107,平均年齢,47.89742369,46.092468,49.44299043,46.14172345,49.51471806,36.75897921,34.08318099,4/1/2021
手稲区,1109,総数,141918,66871,75047,66589,74776,282,271,4/1/2021
手稲区,1109, 0～ 4,4765,2448,2317,2443,2315,5,2,4/1/2021
手稲区,1109,0,770,417,353,417,353,0,0,4/1/2021
手稲区,1109,1,910,490,420,489,419,1,1,4/1/2021
手稲区,1109,2,921,454,467,453,466,1,1,4/1/2021
手稲区,1109,3,1088,545,543,545,543,0,0,4/1/2021
手稲区,1109,4,1076,542,534,539,534,3,0,4/1/2021
手稲区,1109, 5～ 9,6127,3091,3036,3086,3033,5,3,4/1/2021
手稲区,1109,5,1191,624,567,623,567,1,0,4/1/2021
手稲区,1109,6,1202,616,586,616,584,0,2,4/1/2021
手稲区,1109,7,1261,648,613,645,612,3,1,4/1/2021
手稲区,1109,8,1235,641,594,641,594,0,0,4/1/2021
手稲区,1109,9,1238,562,676,561,676,1,0,4/1/2021
手稲区,1109,10～14,6479,3333,3146,3327,3141,6,5,4/1/2021
手稲区,1109,10,1262,662,600,661,600,1,0,4/1/2021
手稲区,1109,11,1354,663,691,661,689,2,2,4/1/2021
手稲区,1109,12,1195,624,571,622,571,2,0,4/1/2021
手稲区,1109,13,1325,681,644,680,643,1,1,4/1/2021
手稲区,1109,14,1343,703,640,703,638,0,2,4/1/2021
手稲区,1109,15～19,6411,3299,3112,3296,3104,3,8,4/1/2021
手稲区,1109,15,1253,665,588,665,587,0,1,4/1/2021
手稲区,1109,16,1232,643,589,643,589,0,0,4/1/2021
手稲区,1109,17,1291,652,639,652,638,0,1,4/1/2021
手稲区,1109,18,1350,692,658,692,657,0,1,4/1/2021
手稲区,1109,19,1285,647,638,644,633,3,5,4/1/2021
手稲区,1109,20～24,5833,2932,2901,2869,2845,63,56,4/1/2021
手稲区,1109,20,1266,650,616,639,606,11,10,4/1/2021
手稲区,1109,21,1238,653,585,645,573,8,12,4/1/2021
手稲区,1109,22,1175,574,601,563,589,11,12,4/1/2021
手稲区,1109,23,1107,546,561,524,548,22,13,4/1/2021
手稲区,1109,24,1047,509,538,498,529,11,9,4/1/2021
手稲区,1109,25～29,5107,2523,2584,2482,2553,41,31,4/1/2021
手稲区,1109,25,1032,476,556,469,548,7,8,4/1/2021
手稲区,1109,26,1043,498,545,490,536,8,9,4/1/2021
手稲区,1109,27,976,493,483,480,481,13,2,4/1/2021
手稲区,1109,28,1016,530,486,525,478,5,8,4/1/2021
手稲区,1109,29,1040,526,514,518,510,8,4,4/1/2021
手稲区,1109,30～34,6411,3142,3269,3117,3234,25,35,4/1/2021
手稲区,1109,30,1139,539,600,529,593,10,7,4/1/2021
手稲区,1109,31,1190,575,615,573,604,2,11,4/1/2021
手稲区,1109,32,1297,640,657,637,651,3,6,4/1/2021
手稲区,1109,33,1368,703,665,698,658,5,7,4/1/2021
手稲区,1109,34,1417,685,732,680,728,5,4,4/1/2021
手稲区,1109,35～39,8523,4182,4341,4155,4320,27,21,4/1/2021
手稲区,1109,35,1558,760,798,757,792,3,6,4/1/2021
手稲区,1109,36,1652,803,849,794,847,9,2,4/1/2021
手稲区,1109,37,1818,880,938,875,936,5,2,4/1/2021
手稲区,1109,38,1774,869,905,866,901,3,4,4/1/2021
手稲区,1109,39,1721,870,851,863,844,7,7,4/1/2021
手稲区,1109,40～44,9661,4752,4909,4726,4877,26,32,4/1/2021
手稲区,1109,40,1696,830,866,826,861,4,5,4/1/2021
手稲区,1109,41,1928,945,983,939,977,6,6,4/1/2021
手稲区,1109,42,1943,994,949,987,942,7,7,4/1/2021
手稲区,1109,43,2003,944,1059,940,1055,4,4,4/1/2021
手稲区,1109,44,2091,1039,1052,1034,1042,5,10,4/1/2021
手稲区,1109,45～49,10790,5252,5538,5233,5523,19,15,4/1/2021
手稲区,1109,45,2071,1044,1027,1042,1021,2,6,4/1/2021
手稲区,1109,46,2279,1127,1152,1124,1150,3,2,4/1/2021
手稲区,1109,47,2171,1029,1142,1028,1139,1,3,4/1/2021
手稲区,1109,48,2227,1040,1187,1032,1184,8,3,4/1/2021
手稲区,1109,49,2042,1012,1030,1007,1029,5,1,4/1/2021
手稲区,1109,50～54,9012,4324,4688,4315,4672,9,16,4/1/2021
手稲区,1109,50,1975,958,1017,957,1014,1,3,4/1/2021
手稲区,1109,51,1759,866,893,863,889,3,4,4/1/2021
手稲区,1109,52,1849,891,958,890,956,1,2,4/1/2021
手稲区,1109,53,1802,849,953,846,952,3,1,4/1/2021
手稲区,1109,54,1627,760,867,759,861,1,6,4/1/2021
手稲区,1109,55～59,8790,4001,4789,3987,4778,14,11,4/1/2021
手稲区,1109,55,1642,751,891,746,888,5,3,4/1/2021
手稲区,1109,56,1838,849,989,845,986,4,3,4/1/2021
手稲区,1109,57,1824,809,1015,807,1013,2,2,4/1/2021
手稲区,1109,58,1736,775,961,774,960,1,1,4/1/2021
手稲区,1109,59,1750,817,933,815,931,2,2,4/1/2021
手稲区,1109,60～64,9417,4425,4992,4412,4984,13,8,4/1/2021
手稲区,1109,60,1802,828,974,827,974,1,0,4/1/2021
手稲区,1109,61,1905,931,974,927,973,4,1,4/1/2021
手稲区,1109,62,1881,858,1023,854,1020,4,3,4/1/2021
手稲区,1109,63,1860,911,949,908,948,3,1,4/1/2021
手稲区,1109,64,1969,897,1072,896,1069,1,3,4/1/2021
手稲区,1109,65～69,11255,5318,5937,5309,5927,9,10,4/1/2021
手稲区,1109,65,2134,1027,1107,1025,1104,2,3,4/1/2021
手稲区,1109,66,2052,997,1055,995,1054,2,1,4/1/2021
手稲区,1109,67,2211,1033,1178,1031,1176,2,2,4/1/2021
手稲区,1109,68,2359,1067,1292,1065,1289,2,3,4/1/2021
手稲区,1109,69,2499,1194,1305,1193,1304,1,1,4/1/2021
手稲区,1109,70～74,12621,5811,6810,5802,6800,9,10,4/1/2021
手稲区,1109,70,2636,1211,1425,1208,1423,3,2,4/1/2021
手稲区,1109,71,2819,1280,1539,1278,1535,2,4,4/1/2021
手稲区,1109,72,2672,1236,1436,1236,1435,0,1,4/1/2021
手稲区,1109,73,2441,1120,1321,1119,1320,1,1,4/1/2021
手稲区,1109,74,2053,964,1089,961,1087,3,2,4/1/2021
手稲区,1109,75～79,8060,3594,4466,3589,4463,5,3,4/1/2021
手稲区,1109,75,1516,694,822,693,821,1,1,4/1/2021
手稲区,1109,76,1671,768,903,766,902,2,1,4/1/2021
手稲区,1109,77,1724,760,964,760,964,0,0,4/1/2021
手稲区,1109,78,1582,686,896,684,895,2,1,4/1/2021
手稲区,1109,79,1567,686,881,686,881,0,0,4/1/2021
手稲区,1109,80～84,5698,2374,3324,2373,3323,1,1,4/1/2021
手稲区,1109,80,1385,609,776,609,775,0,1,4/1/2021
手稲区,1109,81,1130,484,646,484,646,0,0,4/1/2021
手稲区,1109,82,1045,431,614,431,614,0,0,4/1/2021
手稲区,1109,83,1155,472,683,471,683,1,0,4/1/2021
手稲区,1109,84,983,378,605,378,605,0,0,4/1/2021
手稲区,1109,85～89,3961,1331,2630,1329,2630,2,0,4/1/2021
手稲区,1109,85,928,333,595,332,595,1,0,4/1/2021
手稲区,1109,86,871,316,555,316,555,0,0,4/1/2021
手稲区,1109,87,774,262,512,261,512,1,0,4/1/2021
手稲区,1109,88,738,232,506,232,506,0,0,4/1/2021
手稲区,1109,89,650,188,462,188,462,0,0,4/1/2021
手稲区,1109,90～94,2237,600,1637,600,1634,0,3,4/1/2021
手稲区,1109,90,618,172,446,172,445,0,1,4/1/2021
手稲区,1109,91,510,147,363,147,363,0,0,4/1/2021
手稲区,1109,92,429,107,322,107,322,0,0,4/1/2021
手稲区,1109,93,390,97,293,97,291,0,2,4/1/2021
手稲区,1109,94,290,77,213,77,213,0,0,4/1/2021
手稲区,1109,95～99,651,128,523,128,522,0,1,4/1/2021
手稲区,1109,95,213,46,167,46,167,0,0,4/1/2021
手稲区,1109,96,161,38,123,38,122,0,1,4/1/2021
手稲区,1109,97,124,17,107,17,107,0,0,4/1/2021
手稲区,1109,98,91,17,74,17,74,0,0,4/1/2021
手稲区,1109,99,62,10,52,10,52,0,0,4/1/2021
手稲区,1109,100歳以上,109,11,98,11,98,0,0,4/1/2021
手稲区,1109, 0～14歳,17371,8872,8499,8856,8489,16,10,4/1/2021
手稲区,1109,15～64歳,79955,38832,41123,38592,40890,240,233,4/1/2021
手稲区,1109,65歳以上,44592,19167,25425,19141,25397,26,28,4/1/2021
手稲区,1109,平均年齢,48.88523655,47.0686471,50.50391755,47.10937993,50.54801006,37.45035461,38.33763838,4/1/2021
